0
0
0
0
0
28068
0
0
0
0
-70853
-8344
0
-11748
-13924
0
-60534
0
13544
0
0
0
0
0
0
0
0
80375
0
-275780
0
0
0
0
0
0
0
0
0
0
0
0
0
-35958
0
0
0
-10382
0
0
0
0
0
0
0
0
18878
0
0
0
0
-37448
-26677
-50747
-41600
-279842
0
0
0
131213
0
0
0
0
0
0
0
68761
0
139244
23806
0
-155199
0
0
0
-13033
0
0
0
0
-12481
-112791
0
0
0
0
0
16245
0
0
0
0
0
22843
0
0
0
373142
0
-18522
0
0
0
0
0
0
2474
0
0
0
19592
0
-14385
-131628
113391
67626
0
0
0
0
0
0
0
137013
0
-42854
37448
-96365
0
0
0
0
0
-57720
44717
0
743
0
0
0
0
-22551
0
0
-30103
0
-2536
32434
302566
0
14770
0
0
0
0
0
0
0
0
-39193
0
-39142
26677
0
0
0
-25363
-23649
-83764
-163502
0
0
61683
0
0
0
0
-41265
0
0
10425
0
0
0
0
0
-23939
32273
0
0
-4394
0
0
0
-4567
0
9152
0
-54237
0
0
0
0
0
0
0
0
0
-43898
0
0
0
4154
0
0
0
0
0
0
0
0
0
14162
0
0
0
0
0
65819
0
0
0
0
0
0
-4357
41909
0
0
0
-10032
0
-5975
-342001
16159
0
0
0
0
0
0
0
0
-76272
0
0
0
0
0
0
-42119
56942
0
69038
0
0
0
0
0
111490
0
0
0
0
0
-44324
-87628
0
0
0
-18075
0
0
70349
0
0
-183416
0
0
0
68188
0
0
0
0
0
0
0
0
0
0
0
-477391
0
10335
0
0
0
0
0
0
0
0
0
0
0
-9908
0
0
0
0
0
-24969
0
0
111985
0
0
0
0
-19888
0
0
0
0
-292512
0
0
0
0
0
0
231309
0
0
0
6260
0
0
0
-59888
0
0
-4102
0
33268
0
0
37841
0
0
0
0
0
0
0
0
-32498
0
0
0
0
0
0
0
0
0
0
0
0
0
0
-13179
46199
0
-98565
-44592
0
0
0
0
-232116
0
0
0
0
-9538
0
0
0
20467
0
0
0
0
0
0
0
0
0
-4154
0
26012
0
0
0
0
0
0
0
0
0
0
0
0
0
0
0
-50592
42119
83499
0
113698
0
0
445911
-29785
-100992
-37635
0
0
0
0
0
0
0
-38957
0
0
0
-4429
-45606
0
0
0
0
605
0
4403
0
0
0
13973
9477
0
0
0
0
-20753
-13478
0
0
0
0
0
0
0
0
0
0
0
0
5183
98031
0
0
0
0
-27644
43645
0
0
0
-74797
0
0
22111
0
-32273
0
0
-33191
0
-210857
95917
-70817
50
0
14649
-26196
0
51416
0
0
0
0
0
-98152
0
0
0
0
-11464
6046
0
0
0
0
0
0
0
32498
0
0
129051
0
0
0
-37601
-62828
0
0
-21065
0
0
0
-12322
0
-62254
0
0
0
0
0
28513
0
0
0
0
0
0
0
0
0
0
0
0
0
0
0
0
0
0
0
2880
7019
0
0
134736
17323
0
0
0
0
0
0
0
0
0
0
-121773
0
0
0
0
0
0
0
0
-3165
0
0
0
-38999
86000
0
-70997
0
0
0
0
0
59198
0
-45974
5120
0
0
0
0
0
0
0
0
39338
0
48784
6642
0
0
55527
0
0
0
0
0
0
0
0
0
-33923
-181821
0
147131
0
0
0
0
0
0
0
0
0
0
12617
0
0
42787
0
0
0
2037
0
0
0
-3167
0
0
0
-8242
0
0
0
0
0
0
0
0
0
0
0
0
-19599
0
-130436
0
0
29573
-40036
-39188
0
0
0
83764
0
0
0
0
0
0
17749
0
-83499
0
0
0
0
0
0
60534
101969
0
0
0
-27020
0
0
0
0
-67137
0
0
0
0
0
-6431
-9294
0
0
0
0
21982
0
0
-6046
0
0
0
0
0
0
0
0
0
0
0
0
8785
43307
0
0
0
0
-16593
0
0
0
0
0
5975
26484
-65547
0
0
0
8191
0
-52389
0
0
2987
0
25494
0
0
0
0
28907
0
0
102617
0
0
-16133
0
0
18313
-256265
-57326
0
0
23432
0
0
0
287499
18522
0
0
0
0
0
0
0
0
8389
0
-40313
0
0
0
0
94848
0
0
0
0
0
26414
0
0
-22426
58957
0
0
37971
-221090
0
49496
0
29785
0
39513
0
24969
0
0
0
0
0
0
0
0
0
0
42306
0
-73887
0
0
0
0
83289
20286
0
16777
16664
0
0
-67513
0
-18271
24546
0
0
0
0
0
0
0
0
0
0
0
0
-244069
0
0
0
-39400
0
9145
0
0
-12166
69057
0
0
0
0
17947
0
-111329
0
0
-89535
0
0
-41079
0
0
0
0
0
0
0
0
0
0
0
0
0
0
0
0
0
19007
6830
0
0
23484
0
0
0
0
0
0
0
0
0
0
0
0
0
0
0
0
0
61075
0
4661
0
-16947
-14162
0
0
0
22555
0
-42359
126578
0
0
0
0
0
-33701
90403
0
0
0
0
-112885
-94783
0
0
0
0
0
0
0
0
-6167
0
0
-4403
0
51240
0
0
0
0
0
-15152
0
0
0
-109825
0
0
0
0
0
0
0
0
-55614
0
0
-80375
0
0
0
57987
0
-10032
40779
0
95578
0
0
0
4354
0
0
0
0
0
-346321
0
0
0
0
-370598
11420
0
0
0
0
155818
0
0
0
0
0
85805
0
0
0
71389
0
0
0
-19007
0
0
0
0
0
0
2114
0
0
-140079
-6177
0
0
0
0
-35035
-68876
1397
0
-29140
0
0
0
0
0
0
0
0
-316830
0
0
0
23511
0
0
42854
0
0
0
0
0
0
0
0
0
0
0
0
0
0
27267
0
-15320
0
26595
0
0
-24538
0
0
0
0
69284
0
0
0
0
0
0
12617
0
0
0
0
66653
0
-156695
0
-23124
0
0
0
0
0
0
0
0
0
0
0
14837
0
0
-269299
0
0
0
130879
0
55118
0
0
0
0
-61410
90499
-139003
0
0
45759
-109927
0
0
0
205167
94380
0
0
0
0
0
0
0
-68585
0
7383
0
0
0
0
0
0
0
0
0
0
0
0
0
0
0
0
0
0
-8486
-98376
0
-45941
0
0
0
4429
0
0
0
0
0
0
0
0
0
0
0
0
0
0
0
0
0
0
95579
0
0
0
0
20547
35569
0
0
33762
0
0
0
15428
0
0
0
4554
0
0
10654
-32669
0
0
0
0
0
0
0
0
0
0
0
-12132
-3578
0
0
-25561
0
-88326
0
0
0
0
0
0
0
0
0
0
0
0
0
0
0
0
0
0
0
427667
0
0
0
0
0
0
0
-22988
12397
42626
0
-2941
0
-23201
0
0
0
0
0
0
0
0
0
0
0
0
0
-31673
-137204
0
0
57161
0
0
41943
0
-7989
0
0
0
234977
0
0
0
0
0
0
0
7211
0
130436
0
0
0
-51240
0
0
24749
0
0
0
-58957
0
-34847
0
-13049
-40489
0
0
-108
0
0
0
0
0
0
0
0
115203
0
0
28377
0
0
0
0
0
17665
0
0
0
0
-86000
0
83013
0
65571
0
0
0
0
0
0
0
0
0
0
-243892
0
0
0
0
0
0
0
39638
0
0
0
0
-38601
0
0
0
0
0
0
23025
0
-11701
0
-2474
140971
0
0
68115
0
57720
0
0
0
14385
0
0
-39555
-8730
0
-17937
-59425
0
0
-74583
-26012
0
0
0
0
0
21620
0
-3311
55614
0
15407
0
-31169
-13512
0
0
0
0
0
0
429652
0
0
0
-98527
34641
-4403
0
0
0
0
0
6891
233435
39761
0
0
-67309
0
0
0
0
0
0
0
0
0
0
0
38957
0
0
-12667
0
-48032
0
0
0
0
0
13924
0
0
4369
0
0
0
27712
0
0
0
5866
0
0
0
0
0
23939
30449
0
-36903
79773
0
0
0
44774
0
-39228
0
1363
-35482
0
0
0
0
0
0
0
0
0
0
0
0
0
0
14870
-35293
9155
0
0
82756
0
0
0
-43030
0
0
0
0
0
0
0
0
0
0
40313
0
-1043
0
25457
0
0
-43127
0
0
0
0
0
0
0
109969
0
0
0
56205
23201
0
0
0
0
0
0
11561
0
90963
-40035
0
0
0
0
0
0
0
0
0
0
0
0
0
123153
0
0
-68812
0
0
0
0
0
0
23967
0
27918
0
0
0
0
-42626
0
0
0
0
0
0
3474
0
0
0
10917
0
0
0
0
-14870
0
0
-65819
0
0
0
0
0
31907
0
-195589
0
17822
0
0
0
0
0
281122
0
0
0
0
0
0
0
0
0
0
0
0
0
-56205
0
0
0
0
-4102
0
0
0
0
-92645
25363
0
0
0
0
0
0
0
0
0
0
0
0
0
0
0
0
0
0
0
0
-68249
31391
0
0
0
-13562
0
119626
0
0
0
0
0
0
0
0
0
0
0
-55118
0
0
0
0
0
0
0
0
0
0
0
0
0
0
-34064
0
0
0
0
0
-14779
11516
0
0
24538
0
0
0
0
-847
0
0
0
0
0
0
0
0
0
0
0
0
0
0
84214
0
0
0
0
0
0
0
0
0
0
0
193372
0
0
0
0
0
0
0
0
0
0
0
0
261453
0
1134
0
0
-373142
0
0
0
0
0
0
0
20432
60782
0
0
0
-45759
0
-54945
100330
-210352
0
0
0
0
0
0
-37094
0
-86275
-111073
15231
0
6650
0
0
-36610
50240
0
0
0
0
0
0
0
0
0
0
7288
0
0
36545
13179
0
0
0
0
0
0
0
283469
0
0
0
98449
0
0
0
0
0
-37655
0
0
-101941
0
0
-4615
-24546
0
0
0
0
0
0
-126076
0
0
0
0
0
36610
0
0
0
0
-43516
0
0
0
0
48264
0
0
0
0
0
0
-83289
-20467
0
0
0
0
0
0
16947
0
0
0
0
44771
0
0
9200
0
0
0
0
165864
0
0
0
0
0
0
0
0
0
0
0
34220
-6830
0
0
0
0
75192
0
0
-50240
0
0
-24120
0
-6650
0
0
0
0
26599
0
177157
0
0
0
0
-6519
0
0
0
0
0
0
0
-11332
0
0
0
-67516
-355026
0
0
0
0
0
0
181821
0
0
0
0
0
0
-42037
0
0
0
38840
38999
0
0
-4661
0
-67340
0
0
0
0
0
15298
0
-13973
0
0
0
-73465
0
0
0
0
0
0
0
-46199
0
0
-30583
0
0
0
0
-57202
0
0
0
0
0
126501
0
0
0
0
0
0
0
0
0
0
0
0
0
0
0
0
-14041
-20527
0
0
0
0
0
0
0
0
0
23229
0
2018
0
0
0
0
24555
0
101941
0
0
0
0
0
0
0
0
0
-40234
-33268
0
0
109825
0
0
0
-16159
40437
0
0
0
0
0
0
0
0
0
0
-41943
0
0
0
0
31169
47879
0
-27918
209590
36409
0
0
0
0
89368
0
0
14047
0
0
62182
58241
0
0
0
0
0
35958
0
0
0
0
0
0
0
0
0
0
65547
0
0
0
0
0
0
0
0
0
111073
0
0
0
17026
0
0
-47215
0
0
0
0
0
0
0
-6202
31328
0
0
0
0
0
0
0
0
0
0
-38957
0
0
0
0
15481
-45254
0
0
0
0
-49828
0
24377
0
0
0
0
0
0
0
-124352
0
-94380
0
33670
0
0
0
-6891
0
0
0
0
0
0
-45305
0
0
-18366
0
0
0
0
0
-50020
-187067
0
73246
0
0
210352
-67626
51639
0
0
3167
0
0
0
0
0
0
0
-19260
-188856
0
0
0
0
0
0
0
0
-6386
0
0
0
0
0
0
0
0
0
0
0
0
0
0
-101969
1043
0
0
0
0
0
0
-123153
37094
0
0
7989
0
-14649
-13514
0
-209640
0
-239176
39516
0
0
0
40035
0
0
0
0
105668
0
-111905
0
0
-11917
0
-4561
0
0
23870
35482
0
0
57106
0
0
138358
15375
0
0
0
0
51969
0
0
0
0
0
126076
0
0
16641
0
0
0
0
3121
0
0
0
0
0
62828
0
0
0
0
0
-2114
0
0
0
0
0
0
0
16993
0
-40356
-74471
0
0
0
0
0
0
0
0
0
0
0
-170529
-22286
16636
0
39228
0
0
0
0
0
-16664
0
0
0
0
0
0
-44162
0
0
0
0
11529
0
0
0
0
0
0
0
0
0
-86040
0
0
0
0
0
24493
0
0
0
0
-73246
-5183
0
0
0
0
0
0
0
0
0
0
0
0
0
-336
0
42037
-11561
0
-26414
0
0
0
-228107
0
0
-63189
134374
17179
0
0
0
0
-44290
-57987
-227971
0
0
0
-18174
0
-26599
0
0
-195699
117275
32762
0
0
4029
0
0
0
23695
58413
-24582
0
0
0
0
70817
0
0
0
8736
0
0
0
8387
0
0
0
21470
0
0
0
0
0
-135684
-139244
0
0
311
-176223
-6924
0
0
-178971
0
32447
0
-23695
0
0
0
0
0
0
0
26678
-21079
0
0
0
0
0
0
0
0
24295
0
-29692
0
0
0
0
0
0
0
-104938
0
-62182
0
0
0
0
0
0
4460
42512
-33780
0
0
0
0
0
0
0
0
0
0
-3795
0
34642
118570
0
0
80653
0
19305
0
0
0
0
0
8332
0
0
0
0
0
0
-33251
0
0
0
0
0
-1113
0
0
-3
0
0
24613
0
0
86275
0
0
0
0
0
0
0
0
0
0
0
0
-11106
19040
0
35873
0
0
0
0
0
-372864
0
0
0
0
0
0
0
0
0
0
0
0
0
0
0
-60782
0
0
0
0
0
0
0
0
0
0
-344863
0
0
0
0
0
0
0
0
0
0
0
0
0
0
35986
0
0
0
41043
57569
0
0
0
0
0
0
0
0
0
0
0
0
0
0
0
0
0
0
0
0
0
0
0
0
72332
83934
0
0
0
0
-138358
0
0
0
0
0
0
0
0
0
0
134866
0
0
0
0
0
-59405
0
0
-27562
123199
0
0
0
0
0
0
0
0
0
-38840
0
0
0
0
0
48032
0
0
0
0
0
-2880
0
0
0
-83013
28387
-25494
0
0
0
0
0
-10917
0
0
0
-65885
0
0
0
886
-68650
0
0
0
0
0
0
0
-78287
0
0
43898
0
-41649
0
-52246
0
0
0
0
0
-82756
0
26903
-13687
120863
0
0
0
0
0
16055
0
0
0
0
0
68210
-12806
70328
0
0
-5888
0
121304
0
0
0
0
0
0
0
0
0
0
0
436475
0
139003
0
237
45606
0
-34303
0
0
0
0
0
0
0
0
0
0
0
0
-123258
-26435
0
0
0
0
0
0
0
52900
0
0
0
0
-79773
0
0
0
0
0
22551
-35014
0
0
0
0
38049
0
0
0
0
0
0
0
0
66080
0
0
0
-30850
55423
0
0
0
0
0
-125361
0
0
0
-27814
0
0
0
0
0
-59339
0
0
0
0
0
0
1113
0
0
-63048
0
0
0
0
-30649
20336
0
0
0
0
0
0
0
0
-44771
0
0
0
0
0
0
0
0
0
0
0
0
0
61410
0
0
0
0
0
0
0
13520
98682
0
0
0
0
0
33423
0
0
0
-8387
0
0
0
-33423
0
0
0
0
0
0
54517
32248
0
0
0
29692
0
0
0
0
0
0
-34887
0
35163
0
0
-30182
-131276
41265
-10437
0
0
0
0
458
74471
0
0
0
0
22651
0
0
0
0
-69935
0
0
0
0
426389
26552
-235863
0
0
0
18699
734792
-69057
-68115
0
-5330
0
0
0
0
0
-81246
0
0
0
0
0
0
0
0
0
0
171810
0
0
0
0
0
0
0
0
0
0
0
0
0
0
0
0
-28377
0
0
0
-26277
0
0
0
0
0
0
120927
0
67340
-72773
-160695
0
0
0
0
0
0
-12617
0
0
0
0
0
0
0
281838
0
0
0
48281
0
0
0
0
0
0
0
0
0
0
0
0
0
0
0
0
0
0
0
0
0
0
0
0
0
14041
0
0
0
-278716
0
0
-23312
25808
0
0
0
0
0
0
0
-16712
0
0
0
0
34064
27697
0
170529
0
0
0
0
-23229
0
0
-70720
-90403
0
0
0
0
0
0
0
0
0
0
0
0
-61683
0
0
-26484
0
0
0
-482049
0
0
-95917
0
0
0
0
0
-126969
0
0
0
6177
-16245
0
0
0
137204
15600
-354665
-35569
0
0
0
0
0
0
0
-184216
0
0
0
0
0
0
48592
0
0
0
0
0
0
0
-75805
375174
0
0
0
0
0
0
0
0
-38819
0
-122766
-17642
0
0
0
-14115
0
0
-167503
0
0
0
0
54945
331
0
1451
0
0
0
0
0
0
0
0
0
-50760
0
0
0
0
-38049
0
-48784
-82125
0
0
0
0
0
0
12532
0
0
0
0
0
0
-194199
0
0
0
-377257
0
0
0
-60890
-90963
0
0
0
0
0
0
0
69935
0
0
0
0
0
40444
0
64386
6519
0
-17527
0
0
0
0
0
-7383
-46770
0
84283
109927
0
-23432
-35446
-11519
-103791
0
0
0
0
0
0
0
0
0
0
-77687
0
0
0
0
-38000
0
0
-1233
0
0
0
0
0
0
0
-27237
0
0
0
0
0
0
0
0
0
0
0
0
0
0
0
0
0
0
0
0
0
0
0
0
0
0
0
0
0
0
0
0
0
0
0
0
0
0
0
0
-109723
0
0
0
592550
122766
0
0
0
0
136686
0
0
0
-9387
0
0
-22843
0
0
-7431
-279245
-23367
-32447
0
0
1233
0
-78096
0
0
0
430954
0
-18313
0
40356
0
0
0
0
0
0
0
0
0
0
0
0
0
0
0
0
66206
0
0
0
0
40420
0
0
0
0
0
0
45520
0
0
22267
0
0
0
47192
0
0
0
0
34887
-71623
0
0
0
0
124807
0
0
3246
0
105557
0
0
0
0
0
0
0
0
0
0
0
0
0
27814
-20245
0
-20432
0
0
0
0
11519
0
0
0
0
372864
-80653
0
0
0
0
0
-177157
0
0
0
0
0
0
0
0
0
0
0
0
0
0
0
0
0
0
46363
0
25708
0
-2
-98454
-24613
0
0
108
0
0
0
-138120
0
0
0
0
134434
0
0
554257
176223
0
98376
0
0
0
0
-48281
-43822
36903
0
0
0
0
0
37427
0
0
0
0
0
0
30182
0
0
0
0
63282
0
0
0
0
0
0
0
0
0
40435
0
0
-12617
-48264
0
0
0
0
0
-15414
-134866
0
-118018
13687
101263
-137013
0
0
0
18525
4102
0
-16759
0
0
0
0
-12481
-20768
0
0
75427
-135042
0
0
-38459
0
0
19888
0
4102
0
0
0
0
-115203
0
0
-22555
0
0
0
0
0
31795
0
0
0
0
0
0
0
0
0
0
-36545
0
-105668
-37841
-28068
0
0
-64386
0
0
0
0
-71295
0
0
15303
0
-68661
-38546
0
0
0
0
0
0
0
-39638
0
0
0
0
0
-24493
0
0
-57161
0
0
0
0
0
-7211
0
0
0
0
0
0
0
0
0
0
-10383
0
0
-65237
0
0
0
0
0
0
0
0
-235038
11106
0
0
0
-84283
0
0
0
12481
-43307
-78132
0
0
0
0
0
-17704
0
0
-7019
0
0
0
0
0
36038
0
176669
0
0
0
0
0
0
99936
0
0
0
0
0
0
0
0
0
0
0
0
3026
0
0
0
0
0
4357
0
-25708
0
0
0
0
0
0
0
0
0
0
0
-15600
0
0
0
0
0
0
0
0
0
0
0
0
0
0
0
-44717
0
0
0
0
-30180
0
0
-2
0
0
124747
0
26277
0
0
0
0
0
0
0
0
0
0
0
0
0
-40809
0
0
0
0
59276
0
0
0
0
0
0
-87204
0
6924
0
0
-71140
0
0
0
0
0
0
0
103791
70720
0
-45254
-13708
20768
0
0
0
0
0
0
0
256658
0
0
-112033
39142
0
0
0
0
-632
-257292
25664
0
0
0
0
-32434
0
56432
9244
0
0
0
0
0
45758
-75986
-66206
0
0
0
0
45941
0
0
7036
0
0
850358
0
0
0
0
0
0
-41148
0
0
0
0
0
0
0
0
0
0
0
34303
0
-212996
0
54237
0
0
0
0
0
-96379
0
0
0
0
0
0
0
0
0
0
0
0
0
0
0
0
0
0
4429
0
127789
0
0
-27039
0
0
0
0
0
0
0
0
0
38601
0
-17323
0
0
0
0
-56432
0
0
-9477
0
8179
0
438253
81038
-4407
0
3578
0
0
-69284
-28907
0
0
0
0
0
0
111595
0
0
0
0
0
8242
0
0
0
-147131
0
0
0
0
0
0
0
0
-16636
0
0
38424
0
-19026
0
0
0
0
43822
0
0
0
0
181761
0
0
0
0
0
-40779
0
68249
0
0
0
0
-132037
20123
-24555
0
0
0
0
0
20753
0
0
0
0
0
0
0
0
0
-11358
0
724
0
0
0
0
0
0
0
0
0
0
0
0
0
0
0
0
0
0
0
0
0
0
0
0
0
0
0
0
0
0
89521
0
-45520
0
0
0
0
-55423
0
0
0
0
81246
0
0
0
0
0
0
0
0
0
-23025
0
0
0
-286517
0
0
0
0
0
-32647
84160
0
0
0
0
0
0
17775
-107543
0
0
0
0
0
0
13385
91874
0
22825
50747
0
59448
0
0
0
-2812
-758
27562
1113
74756
0
0
-23484
0
0
13033
0
0
0
0
-21435
86161
0
0
29934
0
0
30965
7314
0
0
-42450
39193
0
-39513
-56942
-120927
0
0
0
2
0
0
0
0
-71859
0
0
0
0
0
342001
0
0
0
0
67513
-75427
0
24378
0
0
-27523
0
0
0
0
0
0
0
0
0
0
0
0
0
0
0
0
0
0
-35873
0
0
-60356
0
0
-46335
0
0
0
0
27020
0
-35163
0
16487
0
0
16813
-89368
-47192
0
0
0
78096
0
0
0
0
-171402
-29609
0
0
0
0
0
0
0
27269
0
0
9387
0
0
0
0
0
0
0
0
0
-180350
0
0
0
-20845
0
0
0
0
0
-142034
4567
0
0
0
0
0
0
0
92645
0
0
0
38546
0
0
0
0
0
-31795
0
3870
0
0
10908
-94848
21782
0
0
0
0
0
0
0
0
0
0
0
0
0
18366
0
0
0
0
0
0
110349
0
0
0
0
0
0
0
0
32647
0
0
0
11917
0
0
0
0
-87615
-134434
0
44909
0
-88137
0
0
0
0
0
0
-42082
71859
0
0
1746
0
0
53087
0
0
-23967
0
0
0
0
0
0
0
12044
-44774
0
0
38459
-51416
0
0
0
0
0
0
-24378
0
0
0
0
0
0
0
0
0
0
33780
0
0
-50559
0
0
-23511
0
0
172439
0
0
0
0
0
0
0
0
0
0
0
0
0
0
0
0
0
0
0
0
75714
33191
0
0
0
0
0
0
0
0
-142896
0
-14837
0
0
-445911
0
0
0
0
0
0
0
0
0
3311
0
42359
0
0
0
0
0
37601
-3246
0
0
190237
0
0
0
44162
0
-111985
-17751
0
256453
0
0
0
0
0
-21782
12322
0
0
0
0
0
0
0
0
22286
13562
0
0
0
0
8344
0
0
0
0
0
0
-18822
58653
0
10437
0
0
0
0
0
16303
0
-17179
0
0
0
0
-40435
0
0
0
0
0
0
0
0
0
-62863
0
0
0
-20123
86040
0
0
18895
0
0
0
0
0
0
0
0
-10654
-109969
0
-72332
0
0
0
0
78132
0
-11516
0
0
6202
0
33701
38957
-1294
58227
-250747
26603
19215
16593
0
0
-22825
0
0
0
0
0
0
0
-17026
-75714
0
-66858
0
0
637594
0
0
-68210
0
0
0
12166
0
24147
0
0
0
0
0
0
89535
0
-26413
-84214
0
0
0
0
0
0
0
0
0
0
-253039
35814
0
0
0
0
-26047
0
-20986
0
15772
0
0
0
-13385
0
0
0
89436
0
0
-15231
0
0
0
57202
0
0
0
0
-211747
-71504
0
0
0
0
-22651
0
0
0
0
0
-18722
-69477
-68842
-137850
64027
-12397
0
0
82078
18949
-34220
-98682
-233435
0
0
0
0
0
0
0
0
0
0
0
0
0
0
30103
0
0
-18851
0
0
0
0
0
7501
0
0
78810
-2
0
0
59888
0
377257
63189
0
0
0
55240
0
0
22587
0
0
128434
0
3510
0
-86161
0
-102617
6386
0
0
0
0
0
-74101
21435
0
0
0
0
0
43516
0
0
0
0
0
0
0
0
0
0
0
0
0
0
0
0
0
-19199
0
0
0
-54388
33923
0
0
43217
0
36174
0
0
-37669
0
0
0
0
0
0
0
0
0
0
0
0
-69549
0
26047
0
0
-47879
0
-22854
0
0
57056
-94227
0
-42268
-24377
0
125361
0
0
0
-80508
-99090
0
0
0
0
0
76272
131628
0
0
0
0
-171810
0
0
0
0
0
65930
0
0
34384
0
0
0
0
0
0
0
0
0
0
112791
0
0
0
47215
0
0
0
0
0
0
-26595
0
0
0
0
0
0
0
0
0
22988
0
0
0
0
0
0
0
0
-19196
0
0
0
21065
3597
0
0
2536
31673
40489
41649
0
0
0
0
0
0
0
1294
0
0
0
0
31682
-886
0
15741
0
-159766
0
-85643
0
0
0
0
-31391
0
0
0
0
0
0
0
0
0
0
0
0
0
0
0
72097
0
0
0
-111595
49642
-18525
0
-60182
0
41474
0
-10335
-54404
0
0
0
0
0
0
0
0
0
0
0
0
0
0
63048
0
0
0
0
0
1134
0
0
0
0
0
0
0
112033
-72359
0
-46178
0
0
0
0
20415
0
0
0
0
-14047
0
0
0
-24749
0
0
0
0
0
-46861
0
0
0
0
-109505
0
0
0
0
66893
-21620
0
0
44014
0
0
0
0
0
0
0
0
23124
0
253
20245
0
-33359
0
21584
4561
0
0
0
-31907
0
310291
0
-59276
0
0
0
0
0
175789
0
0
-458
0
0
0
0
0
-281122
-77268
0
0
0
-66653
0
-70349
0
0
0
-1113
0
0
0
0
0
0
0
59912
0
5013
0
0
0
0
0
0
0
0
0
0
-59448
0
0
65237
0
0
0
0
0
0
0
0
0
-45011
0
39138
0
0
0
2
-175715
0
0
0
0
0
0
0
0
0
-34384
0
-5866
14008
0
0
0
0
0
0
-15741
0
0
16712
0
-294542
0
0
0
0
0
0
-7314
0
0
71504
0
5888
0
0
0
0
0
0
0
0
0
0
0
0
0
227971
0
0
0
4378
0
0
0
0
40036
0
0
0
0
0
-1451
0
0
0
0
0
0
-17749
0
0
0
0
0
0
0
0
0
0
0
42268
0
0
0
0
-89521
0
0
0
0
0
0
-29934
0
0
107977
0
0
0
23649
0
0
0
0
0
0
0
0
0
0
0
0
0
0
0
0
0
0
0
0
0
0
6167
87204
-140974
0
0
0
0
0
0
0
87628
0
0
0
27237
0
0
2812
-126501
23367
-39516
0
0
0
0
-122599
-21584
0
-18895
0
0
0
41148
0
0
0
0
32669
0
-59912
-57017
0
-21162
0
0
0
0
0
0
0
0
0
0
0
0
0
0
0
0
0
34761
0
0
-35308
0
0
-42512
0
5063
27039
0
0
0
0
0
0
0
0
-30965
0
0
0
0
0
-119419
0
-165446
0
-23611
0
0
0
-89633
0
0
0
12481
0
-47112
0
0
0
0
0
0
0
0
0
0
50020
0
0
0
0
77268
0
0
0
0
0
0
0
0
0
0
239176
0
0
4394
0
0
0
0
0
0
87615
290567
0
0
11332
0
0
0
0
0
0
30276
0
0
0
72773
-204276
0
0
0
41079
0
0
0
0
-42666
0
0
0
0
0
-15375
0
0
0
0
194345
0
0
0
41600
0
0
52246
0
0
0
0
0
0
0
-1134
-4460
0
-32248
0
0
0
0
-51713
0
0
0
0
0
0
0
0
0
0
0
0
0
0
0
0
-26603
21079
3
0
-375174
0
0
0
0
0
98527
11846
0
0
0
0
0
0
0
-30449
0
0
0
0
0
0
0
0
0
18964
0
17311
-15772
42082
0
-192665
50432
0
0
0
184216
0
-44014
0
0
0
0
0
0
0
-16813
0
0
0
0
0
0
0
0
0
688190
0
0
0
-44730
0
0
0
0
36968
0
0
0
0
0
0
0
0
0
0
0
-15481
0
0
0
0
0
0
0
0
0
0
0
59628
0
0
0
0
0
0
0
0
0
0
0
0
0
17751
0
22220
0
0
0
0
0
-3597
0
0
-66893
0
0
0
77687
0
0
0
0
159766
0
-23870
-140045
-50450
0
0
0
0
167503
0
-85805
0
0
0
0
34847
0
95546
0
0
136606
0
59425
0
0
-65930
0
0
-172051
183416
0
-59198
0
-110349
0
169515
0
0
0
19199
0
45254
0
0
0
0
0
33251
0
43127
-10908
0
0
0
0
8730
-311
0
-11420
0
7431
0
50559
-21869
-16303
0
0
9294
0
0
0
0
0
908528
0
0
-20336
45254
-84160
2
0
0
0
0
15152
0
0
-36174
0
0
104938
0
0
0
0
-12532
0
0
67309
0
0
0
0
0
0
0
0
0
0
104732
0
0
0
-83934
0
0
0
0
0
0
0
0
-58227
-128434
93580
0
0
49828
0
0
0
0
0
0
0
0
0
0
0
0
0
0
0
0
-33147
29810
0
0
0
-7501
0
0
0
-5547
0
30583
0
0
0
0
0
0
0
-16993
0
0
-29573
-172439
0
0
0
0
-99936
0
27450
0
0
0
0
18851
0
0
9538
0
0
45974
0
0
0
0
0
-53087
0
0
0
143728
0
0
0
0
0
0
0
35308
0
0
0
0
0
0
0
0
-38424
-1134
59405
0
0
0
0
0
13049
0
0
0
0
0
-104747
45710
-22487
-85306
0
-14700
99032
82498
47881
0
92630
0
-29771
-41665
18798
-80564
9475
183369
-9957
0
0
-67314
6838
75884
108658
-108124
19215
-42245
-73679
-67922
-55258
-57236
-28265
137756
-100141
169971
45710
13126
27132
-87171
-100041
26495
-64732
22559
168634
-184787
-10132
7176
200467
-55371
-52672
-117515
52788
24502
-55258
-70500
134903
-22841
41452
-68706
-53333
204522
-140192
127300
23428
16509
96602
-91631
-37661
-60878
40466
-15930
47669
-55371
-21398
-1930
257687
-45011
124376
151019
-54144
19215
-55258
27948
58816
38276
-100041
-39075
-70847
-10963
-873
-108124
104819
49648
-29346
24281
50898
63777
1832
38889
-12969
34834
-100041
0
-29028
-26447
-3854
70298
104715
24186
167920
30907
65667
6981
-20305
-67314
35927
1932
-17072
-16858
-31875
-158957
18798
-10132
-59178
-84310
-47791
-58465
0
119330
-41446
-32547
-64732
26495
109571
-28668
-45213
75638
31029
-74578
19215
-85347
6838
-110209
-81686
-39381
28881
4460
2954
53656
36137
102761
7176
15901
9619
-56959
0
22559
-48449
-48408
81039
20553
-1524
21117
-33376
26495
-104546
-51762
-50838
69177
-42377
22834
-17890
-8581
26961
172762
-17431
-38178
-44627
-67314
0
-26438
-23450
60881
-98672
6506
147888
-84139
81704
-78132
1925
-61970
-21664
-100268
38940
-97294
