0
0
0
0
0
65935
0
0
0
0
-158853
-8344
0
-38394
-54482
0
-117315
0
27585
1403
0
0
0
0
0
0
0
178744
0
-505120
0
0
0
0
0
0
0
0
0
0
0
0
0
-85921
0
0
0
-24423
0
0
0
0
0
0
0
0
34788
0
0
0
0
-91197
-53357
-90160
-42120
-473515
0
0
0
260563
0
0
0
0
0
0
0
167811
0
260136
25423
0
-301671
0
0
0
-27074
0
0
0
0
-26522
-214415
0
0
0
0
0
628
0
0
0
0
0
34304
0
0
0
626102
0
-34050
0
0
0
0
0
0
16515
0
0
0
24623
0
-42467
-199736
261785
126852
0
0
0
0
0
0
0
329039
0
-65952
91197
-182241
0
0
0
0
0
-95446
84750
0
1621
0
0
0
0
-35146
0
0
-66216
0
-4003
74557
563587
0
60203
0
0
0
0
0
0
0
0
-91734
0
-82501
53357
0
0
0
-45056
-56535
-188762
-327135
0
0
132306
0
0
0
0
-69347
0
0
24444
0
0
0
0
0
-61726
82494
0
0
-7035
0
0
0
-28794
0
33405
0
-159009
0
0
0
0
0
0
0
0
0
-101316
0
0
0
-5026
0
0
0
0
0
0
0
0
0
28203
0
0
0
0
0
110043
0
0
0
0
0
0
-2579
83925
0
0
0
-31125
0
1914
-616654
21575
0
0
0
0
3018
0
0
0
-171808
0
0
0
0
0
0
-91117
66941
0
153189
0
0
0
0
0
210268
0
0
0
0
0
-61786
-166793
0
0
0
-32116
0
0
121766
0
0
-308492
0
0
0
140552
0
0
0
0
0
0
0
0
0
0
0
-835438
0
43835
0
0
0
0
0
0
0
0
0
0
0
-10270
0
0
0
0
0
6374
0
0
177927
0
0
0
0
-25894
0
0
0
0
-538651
0
0
0
0
0
0
388456
0
0
0
19923
0
0
0
-111838
0
0
-14035
0
38404
0
0
90262
0
0
0
0
0
0
0
0
-103988
0
0
0
0
0
0
0
0
0
0
0
0
0
-11518
-8216
74281
0
-183858
-81734
0
0
0
0
-388528
0
0
0
0
-23579
0
0
0
51755
0
0
0
0
0
0
0
0
0
5026
0
44407
0
0
0
0
0
0
0
0
0
0
0
0
0
0
0
-121082
91117
174761
0
204353
0
0
706558
-73042
-156455
-81591
0
0
0
0
0
1462
0
-44386
0
0
0
-8858
-92919
0
0
0
0
11469
0
6352
0
0
0
28014
25005
0
0
0
0
-48835
-42559
0
0
0
0
0
0
0
0
0
0
-23270
0
7720
183925
0
0
0
0
-69737
66622
0
0
0
-171616
0
0
57714
0
-82494
0
0
-66734
0
-388373
204308
-145775
-472
0
43035
-64940
0
119247
0
0
0
0
0
-179541
0
0
0
0
-5524
11980
0
0
0
0
0
0
0
103988
0
0
239699
0
0
0
-72751
-149342
0
0
-49147
0
0
0
-29008
0
-85309
0
0
0
0
0
62484
0
0
0
0
0
0
0
0
0
0
0
0
0
0
0
0
0
0
0
17056
12460
0
0
205597
47046
0
0
0
0
0
0
0
0
0
0
-152271
0
0
0
0
0
0
0
0
-3608
0
0
0
-72027
132240
0
-146381
0
0
0
0
0
101321
0
-59502
21971
0
0
0
0
0
0
0
0
54888
0
56204
6642
0
0
83108
0
0
0
0
0
0
0
0
0
-69200
-330819
0
281364
0
0
0
0
0
0
0
0
0
0
14020
0
0
92661
0
0
0
4074
0
0
0
14638
0
0
0
-12363
0
0
0
0
0
0
0
0
0
0
0
0
-19998
0
-239455
0
0
63616
-49437
-110016
0
0
0
188762
0
0
0
0
0
0
31790
-3018
-174761
0
0
0
0
0
0
117315
210189
0
0
0
-50384
0
0
0
0
-126367
0
0
0
0
0
-11019
-46536
0
0
0
0
36023
0
0
-11980
0
0
0
0
0
0
0
0
0
0
0
0
19417
66068
0
0
0
0
-36881
0
0
0
0
0
-1914
52158
-135752
0
0
0
19854
0
-81388
0
0
17798
0
40019
0
0
0
0
56989
0
0
208645
0
0
-34690
0
0
39778
-481986
-121263
0
0
46864
0
0
0
496970
34050
0
0
0
0
0
0
0
0
18541
0
-78080
0
0
0
0
207793
0
0
0
0
0
41992
0
0
-60925
116467
0
0
61875
-363741
0
122869
0
73042
0
67595
0
-6374
0
0
0
0
0
0
0
0
0
0
58729
0
-139300
0
0
0
0
142527
40572
0
33554
24996
0
0
-164212
0
-61453
46212
0
0
0
0
0
0
0
0
0
0
0
0
-462936
0
0
0
-81390
0
7878
0
0
-26207
127558
0
0
0
0
47982
0
-184277
0
0
-170397
0
0
-82682
0
0
0
0
0
0
0
0
0
0
0
0
0
0
0
0
0
53388
-854
0
0
66701
0
0
0
0
0
0
0
0
0
0
0
0
0
0
0
0
0
99632
0
10874
0
-45001
-28203
0
0
0
36596
0
-26223
276322
0
0
0
0
0
-61783
171826
0
0
0
0
-230801
-175655
0
0
0
0
0
0
0
0
-1722
0
0
-1655
0
86126
0
0
0
0
0
-29193
0
0
0
-221704
0
0
0
0
0
0
0
0
-88513
0
0
-178744
0
0
0
117569
0
-31125
112987
0
166060
0
0
0
7298
0
0
0
0
0
-529551
0
0
0
0
-655531
-3501
0
0
0
0
262640
0
0
0
0
0
173146
0
0
0
118308
0
0
0
-53388
0
0
0
0
0
0
8569
0
0
-246490
-35341
0
0
0
0
-7140
-94289
1397
0
-36212
0
0
0
0
0
0
0
0
-532411
0
0
0
56328
0
0
65952
0
0
0
0
0
0
0
0
0
0
0
0
0
0
67799
0
-9048
0
60954
0
0
-48975
0
0
0
0
96585
0
0
0
0
0
0
26658
0
0
0
0
165937
0
-237310
0
-25706
0
0
0
0
0
0
0
0
0
0
0
41160
0
0
-426443
0
0
0
254866
0
111961
0
0
0
0
-111396
196291
-288664
0
0
89700
-187303
0
0
0
333233
193546
0
0
0
0
0
0
0
-113322
0
20021
0
0
0
0
0
0
0
0
0
0
0
0
0
0
0
0
0
0
-29503
-182618
0
-72088
0
0
0
8858
0
0
0
0
0
0
0
0
0
0
0
0
0
0
0
0
0
0
193666
0
0
0
0
26562
63651
0
0
54981
0
0
0
35318
0
0
0
-11634
0
0
31493
-70065
0
0
0
0
0
0
0
0
0
0
0
-26173
-29038
0
0
-39887
0
-141595
0
0
0
0
0
0
0
0
0
0
0
0
-8538
0
0
0
0
0
0
790287
0
0
0
0
0
0
0
-48550
26438
84749
8538
3379
0
-46402
0
0
0
0
0
0
0
0
0
0
0
0
0
-55358
-255013
0
0
131772
0
0
69028
0
-22270
0
0
0
472564
0
0
0
0
0
0
0
140
0
239455
0
0
0
-86126
0
0
78842
0
0
0
-116467
0
-73332
0
-24689
-65651
0
0
-14149
0
0
0
0
0
0
0
0
223254
0
0
29515
0
0
0
0
0
61409
0
0
0
0
-132240
0
168772
0
118010
0
0
0
0
0
0
0
0
0
0
-432581
0
0
0
0
0
0
0
81762
0
0
0
0
-78963
0
0
0
0
0
0
55599
0
-27825
0
-16515
278955
0
0
160636
0
95446
0
0
0
42467
0
0
-94098
-13095
0
-52822
-124100
0
0
-91910
-44407
0
0
0
0
0
58073
0
-17111
88513
0
44243
0
-67815
-32063
0
0
0
0
0
0
722390
0
0
0
-207195
73025
-6352
0
0
0
0
0
27823
429853
67843
0
0
-102832
0
0
0
0
0
0
0
0
0
0
0
44386
0
0
-8974
0
-85904
0
0
0
0
0
54482
0
0
19660
0
0
0
41753
0
0
0
12204
0
0
0
0
0
61726
56536
0
-80393
162079
0
0
0
89693
0
-78009
0
-25513
-64630
0
0
0
0
0
0
0
0
0
0
0
0
0
0
12723
-91888
27353
0
0
146504
0
0
0
-91566
0
0
0
0
0
0
0
0
0
0
78080
0
-12148
0
44086
0
0
-118287
0
0
0
0
0
0
0
208075
0
0
0
116230
46402
0
0
0
0
0
0
15688
0
158536
-72225
0
0
0
0
0
0
0
0
0
0
0
0
0
242264
0
0
-155875
0
0
0
0
0
0
57012
0
43035
0
0
0
0
-84749
0
0
0
0
0
0
20989
0
0
0
24956
0
0
0
0
-12723
0
0
-110043
0
0
0
0
0
59989
0
-326145
0
31489
0
0
0
0
0
488362
0
0
0
0
0
0
0
0
0
0
0
0
0
-116230
0
0
0
0
-6153
0
0
0
0
-155831
45056
0
0
0
0
0
0
0
0
0
0
0
0
0
0
0
0
0
0
0
0
-90334
62333
0
0
0
-1004
0
232871
0
0
0
0
0
0
0
0
0
0
0
-111961
0
0
0
0
0
0
0
0
0
0
0
0
0
0
-60522
0
0
0
0
0
-31742
38307
0
0
48975
0
0
0
0
-14891
0
0
0
0
0
0
0
0
0
0
0
0
0
0
167992
0
0
0
0
0
0
0
0
0
0
0
294056
0
0
0
0
0
0
0
0
0
0
0
0
470301
0
15175
0
0
-626102
0
0
0
0
0
0
0
35313
108109
0
0
0
-89700
0
-127712
172574
-378737
0
0
0
0
0
0
-67320
0
-158709
-192265
43908
0
20691
0
0
-55180
113250
0
0
0
0
0
0
0
0
0
0
3385
0
0
75879
8216
0
0
0
0
0
0
0
544326
0
0
0
176855
0
0
0
0
0
-96319
0
0
-173028
0
0
-38734
-46212
0
0
0
0
0
0
-243748
0
0
0
0
0
55180
0
0
0
0
-85530
0
0
0
0
74874
0
0
0
0
0
0
-142527
-51755
0
0
0
0
0
0
45001
0
0
0
0
57993
0
0
-8376
0
0
0
0
315446
0
0
0
0
0
0
0
0
0
0
0
60003
854
0
0
0
0
138062
0
0
-113250
0
0
-84191
0
-20691
0
0
0
0
40640
0
346435
0
0
0
0
-14029
0
0
0
0
0
0
0
-39038
0
0
0
-111637
-609893
0
0
0
0
0
0
330819
0
0
0
0
0
0
-84117
0
0
0
74697
72027
0
0
-10874
0
-144242
0
0
0
0
0
24870
0
-28014
0
0
0
-113501
0
0
0
0
0
0
0
-74281
0
0
-67610
0
0
0
0
-125154
0
0
0
0
0
211677
0
0
0
0
0
0
0
0
0
0
0
0
0
0
0
0
-14041
-66214
0
0
0
0
0
0
0
0
0
41185
0
3057
0
0
0
0
23667
0
173028
0
0
0
0
0
0
0
0
0
-79032
-38404
0
0
221704
0
0
0
-21575
88005
0
0
0
0
0
0
0
0
0
0
-69028
0
0
0
0
67815
107878
0
-43035
399511
75675
0
0
0
0
158250
0
0
35566
0
0
131280
132815
0
0
0
0
0
85921
0
0
0
0
0
0
0
0
0
0
135752
0
0
0
0
0
0
0
0
0
192265
0
0
0
32041
0
0
-111757
0
0
0
0
0
0
0
-4478
59410
0
0
0
0
0
0
0
0
0
0
-79497
0
0
0
0
29522
-75818
0
0
0
0
-110705
0
57627
0
0
0
0
0
0
0
-234721
0
-193546
0
78719
0
0
0
-27823
0
0
0
0
0
0
-101469
0
0
-36840
0
-8610
0
0
0
-78102
-325508
0
133280
0
0
378737
-126852
121388
0
0
-14638
0
0
0
0
0
0
0
-43995
-286626
0
0
0
0
0
0
0
0
-26800
0
0
0
0
0
0
0
0
0
0
0
0
0
0
-210189
12148
0
0
0
0
0
0
-242264
67320
0
0
22270
0
-43035
-27538
0
-399039
0
-380580
93700
0
0
0
72225
0
0
0
0
156283
0
-229634
0
0
-37875
0
-9984
0
0
47740
64630
0
0
63081
0
0
310307
44124
0
0
0
0
75759
0
0
0
0
0
243748
0
0
30682
0
0
0
0
3937
0
0
0
0
0
149342
0
0
0
0
0
-8569
0
0
0
0
0
0
0
36357
0
-67672
-172328
0
0
0
0
0
0
0
0
0
0
0
-301055
-44572
50057
0
78009
0
0
0
0
0
-24996
0
0
0
0
0
0
-91651
0
0
0
0
37099
0
0
0
0
0
0
0
0
0
-161001
0
0
0
0
0
39110
0
0
0
0
-133280
-7720
0
0
0
0
0
0
0
0
0
0
0
0
0
19716
7732
84117
-15688
0
-41992
0
0
0
-472812
0
0
-134214
240636
40605
0
0
0
0
-58410
-117569
-449812
0
0
0
-34951
0
-40640
0
0
-304326
208275
63275
0
0
-4642
0
0
0
67031
80166
-47285
0
0
0
0
145775
0
0
0
27922
0
0
0
22308
0
0
0
35511
0
0
0
0
0
-259500
-260136
0
0
9568
-316560
-12292
0
0
-268293
0
89682
0
-67031
0
0
0
0
0
0
0
38286
-45720
0
0
0
0
0
0
0
0
43791
0
-61841
0
0
0
0
0
0
0
-211008
0
-131280
0
0
0
0
0
0
236
77251
-54745
0
0
0
0
0
0
0
0
0
0
-32650
0
74892
250265
0
0
148859
0
19683
0
0
0
0
0
22506
0
0
0
0
0
0
-45691
0
0
0
0
0
-5539
0
0
-2275
0
0
66736
0
0
158709
0
0
0
0
0
0
0
0
0
0
0
0
-25147
40916
0
74871
0
0
0
0
0
-630702
0
0
0
0
0
0
0
0
0
0
0
0
0
0
0
-108109
0
0
0
0
0
0
0
0
0
0
-554537
0
0
0
0
0
0
0
0
0
0
0
0
0
0
84036
0
0
0
86024
108571
0
0
0
0
0
0
0
0
0
0
0
0
0
0
0
0
0
0
0
0
0
0
0
0
134709
168047
0
0
0
0
-310307
0
0
0
0
0
0
0
0
0
0
264030
0
0
0
0
0
-106605
0
0
-41603
235298
0
0
0
0
0
0
0
0
0
-74697
0
0
0
0
0
85904
0
0
0
0
0
-17056
0
0
0
-168772
63642
-40019
0
0
0
0
0
-24956
0
0
0
-128421
0
0
0
16202
-139398
0
0
0
0
0
0
0
-141514
0
0
101316
0
-69731
0
-80328
0
0
0
0
0
-146504
0
71950
-7012
180024
0
0
0
0
0
30096
0
0
0
0
0
123069
-35048
99028
0
0
-32391
0
227359
0
0
0
0
0
0
0
0
0
0
0
762638
0
288664
0
19228
92919
0
-72516
0
0
0
0
0
0
0
0
0
0
0
0
-239009
-67520
0
0
0
0
0
0
0
110910
0
0
0
0
-162079
0
0
0
0
0
35146
-63096
0
0
0
0
75832
0
0
0
0
0
0
0
0
127311
0
0
0
-60843
113947
0
0
0
0
0
-236154
0
0
0
-41855
0
0
0
0
0
-129684
0
0
0
0
0
0
6003
0
0
-123408
0
0
0
0
-47267
35391
0
0
0
0
0
0
0
0
-57993
0
0
0
0
0
0
0
0
0
0
0
0
0
111396
0
0
0
0
0
0
0
14370
203911
0
0
0
0
0
68621
0
0
0
-22308
0
0
0
-68621
0
0
0
-11470
0
0
96640
25547
0
0
0
61841
0
0
0
0
0
0
-85011
0
46493
0
0
-66690
-228083
69347
-10437
0
0
0
0
458
172328
0
0
0
0
42316
0
0
0
0
-142986
0
0
0
0
684162
53104
-376822
0
0
0
49110
1206556
-127558
-160636
-7732
8711
0
0
0
0
0
-171795
0
0
0
0
0
0
0
0
0
0
314445
0
0
0
0
0
0
0
0
0
0
0
0
0
0
0
0
-29515
0
0
0
-35009
0
0
0
0
0
0
216573
0
144242
-98615
-257518
0
0
0
0
0
0
-26658
0
0
0
0
0
0
0
483718
0
0
0
78028
0
0
0
0
0
0
0
0
0
9790
0
0
0
0
0
0
0
0
0
0
0
0
0
0
1
14041
0
0
0
-446547
0
0
-42040
39849
0
0
0
0
0
0
0
-39315
0
0
0
0
60522
38702
0
301055
0
0
0
0
-41185
0
0
-116781
-171826
0
0
0
0
0
0
0
0
0
0
0
0
-132306
0
0
-52158
0
0
0
-877081
0
0
-204308
0
0
0
0
0
-211691
0
0
0
35341
-628
0
0
0
255013
29641
-608994
-63651
0
0
0
0
0
0
0
-348817
0
0
0
0
0
0
93892
0
0
0
0
0
0
0
-112191
638341
0
0
0
0
0
0
0
0
-66901
0
-220072
-17642
0
0
0
-28156
0
0
-323806
0
0
0
0
127712
-13710
0
15492
0
0
0
0
0
0
0
0
0
-118263
0
0
0
0
-75832
0
-56204
-147549
0
0
0
0
0
0
26929
0
0
0
0
0
0
-322681
0
0
0
-670571
0
0
0
-109895
-158536
0
0
0
0
0
0
0
142986
0
0
0
0
0
64484
0
113385
14029
0
-2935
0
0
0
0
0
-20021
-66551
0
154488
187303
0
-46864
-74301
-25560
-158868
0
0
0
0
0
0
0
0
0
0
-134960
0
0
0
0
-80173
0
0
-16507
0
0
0
-1905
0
0
0
-69360
0
0
0
0
0
0
0
0
0
0
0
0
0
0
0
0
0
0
0
0
0
0
0
0
0
0
0
0
0
0
0
0
0
0
0
0
0
0
0
0
-222051
0
0
0
938587
220072
0
0
0
0
252146
0
0
0
-23428
0
0
-34304
0
0
-5563
-466275
-51449
-89682
0
0
16507
0
-147896
0
0
0
751858
0
-39778
0
67672
0
0
0
0
0
0
0
0
0
0
0
0
0
0
0
0
109909
0
0
0
0
35716
0
0
0
0
0
0
53620
0
0
22436
0
0
0
102046
0
0
-8377
0
85011
-128000
0
0
0
0
226836
0
-1403
17287
0
205488
0
0
0
0
0
0
0
0
0
0
0
0
0
41855
-51429
0
-35313
0
0
0
0
25560
0
0
0
0
630702
-148859
0
0
0
0
0
-346435
0
0
0
0
0
0
0
0
0
0
0
0
0
0
0
0
0
0
33925
0
53767
0
-3
-145030
-66736
0
0
14149
0
0
0
-200630
0
0
0
0
284913
0
0
910339
316560
0
182618
0
0
0
0
-78028
-79615
80393
0
0
0
0
0
59908
0
0
0
0
0
0
66690
0
0
0
0
117140
0
0
0
0
0
0
0
0
0
81714
0
0
-14020
-74874
0
0
0
0
0
-54909
-264030
0
-209896
7012
196140
-329039
0
0
0
48561
6153
0
-39967
3553
0
0
0
-26522
-43877
0
0
166293
-225096
0
0
-91062
0
0
25894
0
14035
0
0
0
0
-223254
0
0
-36596
0
0
0
0
0
65332
0
0
0
0
0
0
0
0
0
0
-75879
0
-156283
-90262
-65935
0
0
-113385
0
0
0
0
-129467
0
0
40542
0
-166855
-49764
0
0
0
0
0
0
0
-81762
0
0
0
0
0
-39110
0
0
-131772
0
0
0
0
0
-140
0
0
0
0
0
0
0
0
0
0
-6651
0
0
-125694
0
0
0
0
0
0
0
0
-362810
25147
0
0
0
-154488
0
0
0
26522
-66068
-141254
0
0
0
0
0
-25225
0
0
-12460
0
0
0
0
0
53593
0
287343
0
0
0
0
0
0
191664
0
0
0
0
0
0
0
0
0
0
0
0
1468
0
0
0
0
0
2579
0
-53767
0
0
0
0
0
0
0
0
0
0
0
-29641
0
0
0
0
0
0
0
0
0
0
0
0
0
0
0
-84750
0
0
0
0
-55946
0
0
1467
0
0
227575
0
35009
0
0
0
0
0
0
0
0
0
0
0
0
0
-70955
0
0
0
0
117932
0
0
0
0
0
0
-191459
0
12292
0
0
-133425
0
0
0
0
0
0
0
158868
116781
0
-110004
-25685
43877
0
0
0
0
0
0
0
449405
0
0
-214615
82501
0
0
0
0
-14210
-451679
51946
0
0
0
0
-74557
0
98555
46570
0
0
0
0
0
93615
-155240
-109909
0
0
0
0
72088
0
0
21077
0
0
1335406
0
0
-1
0
0
0
-61422
0
0
0
0
0
0
0
0
0
0
0
72516
0
-351780
0
159009
-865
0
0
0
0
-197221
0
0
0
0
0
0
0
0
0
0
0
0
0
0
0
0
0
0
4429
0
194283
0
0
-39613
0
0
0
0
0
0
0
0
0
78963
0
-47046
0
0
0
0
-98555
0
0
-25005
0
6502
0
770597
138210
-32489
0
29038
0
0
-96585
-56989
0
0
0
0
0
0
196406
0
0
0
0
0
12363
0
0
0
-281364
0
0
0
0
0
0
0
0
-50057
0
0
94588
0
-33067
0
0
0
0
79615
0
0
0
0
325090
0
0
0
0
0
-112987
0
90334
0
0
0
0
-236830
24797
-23667
0
0
0
0
0
48835
0
0
0
0
0
0
0
0
0
-20465
0
9561
0
0
0
0
0
0
0
0
0
0
0
0
0
0
0
0
0
0
0
0
0
0
0
0
0
1905
0
0
0
0
170371
0
-53620
0
0
0
0
-113947
0
0
0
0
171795
0
0
0
0
0
0
0
0
0
-55599
0
0
0
-414806
0
0
0
0
0
-90995
175418
0
0
0
0
0
0
34662
-171786
0
0
0
0
0
0
41470
135863
0
34784
90160
0
115601
0
0
0
-16853
-17067
41603
5539
153608
0
0
-66701
0
0
27074
0
0
0
0
-64737
177179
0
0
51131
0
0
63126
492
0
0
-77692
91734
0
-67595
-66941
-216573
0
0
0
2920
0
0
0
0
-113982
0
0
0
0
0
616654
0
0
0
0
164212
-166293
0
68872
0
0
-62346
0
0
0
0
0
0
0
0
0
0
0
0
0
0
0
0
0
0
-74871
0
0
-96327
0
0
-106886
0
0
0
0
50384
0
-46493
0
11565
0
0
38021
-158250
-102046
0
0
0
147896
0
0
0
0
-308301
-86396
0
0
0
0
0
0
0
61418
0
0
23428
0
0
0
0
0
0
0
0
0
-273967
0
0
0
-44486
0
0
0
0
0
-259722
28794
0
0
0
0
0
0
0
155831
-9790
0
0
49764
0
0
0
0
0
-65332
0
22694
0
0
24945
-207793
35823
0
0
0
0
0
0
0
0
0
0
0
0
0
36840
0
0
0
0
0
0
199841
0
0
0
0
0
0
0
0
90995
0
0
0
37875
0
0
0
0
-194561
-284913
0
102037
0
-164466
0
0
0
0
0
0
-74504
113982
0
0
-12295
0
0
103579
0
0
-57012
0
0
0
0
0
0
0
47469
-89693
0
0
91062
-119247
0
0
0
0
0
0
-68872
0
0
0
0
0
0
0
0
0
0
54745
0
0
-86570
0
0
-56328
0
0
309135
0
0
0
0
0
0
0
0
0
0
0
0
0
0
0
0
0
0
0
0
157856
66734
0
0
0
0
0
0
0
0
-251514
0
-41160
0
0
-706558
0
0
0
0
0
0
0
0
0
17111
0
26223
0
0
0
0
0
72751
-17287
0
0
363142
0
0
0
91651
0
-177927
-37558
0
407990
0
0
0
0
0
-35823
29008
0
0
0
0
0
0
0
0
44572
1004
0
0
0
0
8344
0
0
0
-3553
0
0
-46904
121824
0
10437
0
0
0
0
0
40966
0
-40605
0
0
0
0
-81714
0
0
0
0
0
0
0
0
0
-119808
0
0
0
-24797
161001
0
0
39662
0
0
0
0
0
0
0
0
-31493
-208075
0
-134709
0
0
0
0
141254
0
-38307
0
0
4478
0
61783
79497
4796
124319
-394921
43191
49884
36881
-1462
0
-34784
0
0
0
0
0
0
0
-32041
-157856
0
-128999
0
0
1038654
0
0
-123069
0
0
0
26207
0
59281
0
0
0
0
0
0
170397
0
-51318
-167992
0
0
0
0
0
0
0
0
0
0
-447702
44211
0
0
0
0
-40088
0
-49068
0
39406
0
0
0
-41470
0
0
0
179422
0
0
-43908
0
0
0
125154
0
0
0
0
-360411
-141658
0
0
0
0
-33706
0
0
0
0
0
-25810
-114885
-131938
-220442
127279
-26438
0
0
140003
44994
-60003
-203911
-429853
0
0
0
0
0
0
0
0
0
0
0
0
0
0
66216
0
0
-30950
0
0
0
0
0
21542
0
0
137802
-2920
0
0
111838
0
670571
134214
0
0
0
99371
0
0
16870
0
0
213000
0
7971
0
-177179
0
-208645
26800
0
0
0
0
0
-169888
64737
0
0
0
0
0
85530
0
0
0
0
0
0
0
0
0
0
0
0
0
0
0
0
0
-47281
0
0
0
-105285
69200
0
0
88999
0
49742
0
0
-31144
0
0
0
0
0
0
0
0
0
0
0
0
-125779
0
40088
0
0
-107878
0
-53005
0
0
76223
-124377
0
-70350
-57627
0
236154
0
865
0
-155251
-209829
0
0
0
0
0
171808
199736
0
0
0
0
-314445
0
0
0
0
0
112625
0
0
62466
0
0
0
0
0
0
0
0
0
0
214415
0
0
0
111757
0
0
0
0
0
0
-60954
0
0
0
0
0
0
0
0
0
48550
0
0
0
0
0
0
0
0
-33237
0
8377
0
49147
15720
0
0
4003
55358
65651
69731
0
0
0
0
0
0
0
-4796
0
0
0
0
40933
-16202
0
15741
0
-278882
0
-141807
0
0
0
0
-62333
0
0
0
0
0
0
0
0
0
0
0
0
0
0
0
126026
0
0
0
-196406
96183
-48561
0
-87547
0
90215
0
-43835
-104963
0
0
0
0
0
0
0
0
0
0
0
0
0
0
123408
0
0
0
0
0
15175
0
0
0
0
0
0
0
214615
-143528
0
-123893
0
0
0
0
37776
0
0
0
0
-35566
0
0
0
-78842
0
0
0
0
0
-86041
0
0
0
0
-159559
0
0
0
0
85855
-58073
0
0
75945
0
0
0
0
0
0
0
0
25706
0
627
51429
0
-52710
0
78575
9984
0
0
0
-59989
0
528172
0
-117932
0
0
0
0
0
328071
0
0
-458
0
0
0
0
0
-488362
-161958
0
0
0
-165937
0
-121766
0
0
0
-6003
0
0
0
0
0
0
0
129759
0
41681
0
0
0
0
0
0
0
0
0
0
-115601
0
0
125694
0
0
0
0
0
0
0
0
0
-55687
0
64841
0
0
0
-1467
-330215
0
0
0
0
0
0
0
0
0
-62466
0
-12204
16585
0
0
0
0
0
0
-15741
0
0
39315
0
-494157
0
0
0
0
0
0
-492
0
0
141658
0
32391
11470
0
0
0
0
0
0
0
0
0
0
0
0
449812
0
0
0
19506
0
0
0
0
49437
0
0
0
0
0
-15492
0
0
0
0
0
0
-31790
0
0
0
0
0
0
0
0
0
0
0
70350
0
0
0
0
-170371
0
0
0
0
0
0
-51131
0
0
234346
0
0
0
56535
0
0
0
0
0
0
0
0
0
0
0
0
0
0
0
0
0
0
0
0
0
0
1722
191459
-269960
0
0
0
0
0
0
0
166793
0
0
0
69360
0
0
16853
-211677
51449
-93700
0
0
0
0
-245623
-78575
0
-39662
0
0
0
61422
0
0
0
0
70065
0
-129759
-124266
0
-37951
0
0
0
0
0
0
0
0
0
0
0
0
0
0
0
0
0
56289
0
0
-65947
0
0
-77251
0
16699
39613
0
0
0
0
0
0
0
0
-63126
0
0
0
0
0
-210579
0
-284501
0
-56483
0
0
0
-94884
0
0
0
26522
0
-83871
0
0
0
0
0
0
0
0
0
0
78102
0
0
0
0
161958
0
0
0
0
0
0
0
0
0
0
380580
0
0
7035
0
0
0
0
0
0
194561
478626
0
0
39038
0
0
0
0
0
0
35118
0
0
0
98615
-372475
0
0
0
82682
0
0
0
0
-112871
0
0
0
0
0
-44124
0
0
0
0
417831
0
0
0
42120
0
0
80328
0
0
0
0
0
0
0
-15175
-236
0
-25547
0
0
0
0
-97829
0
0
0
0
0
0
0
0
0
0
0
0
0
0
0
0
-43191
45720
2275
0
-638341
0
0
0
0
0
207195
30379
0
0
0
0
0
0
0
-56536
0
0
0
0
0
0
0
0
0
34920
0
31352
-48999
74504
0
-328826
73795
0
0
0
348817
0
-75945
0
0
0
0
0
0
0
-38021
0
0
0
0
0
0
0
0
0
1136459
0
0
0
-94930
0
0
0
0
98465
0
0
0
0
0
11518
0
0
0
0
0
-29522
0
0
0
0
0
0
0
0
0
0
0
90142
0
0
0
0
0
0
0
0
0
0
0
0
0
37558
0
36261
0
0
0
0
0
-15720
0
0
-85855
0
0
0
134960
0
0
0
0
278882
0
-47740
-252445
-84050
0
0
0
0
323806
0
-173146
0
0
0
0
73332
0
197256
0
0
219372
0
124100
0
0
-112625
0
0
-295818
308492
0
-101321
0
-199841
0
316186
0
0
0
47281
0
75818
0
0
0
0
0
45691
0
118287
-24945
0
0
0
0
13095
-9568
0
3501
0
5563
0
86570
-19296
-40966
0
0
46536
0
0
0
0
0
1445418
0
0
-35391
110004
-175418
3
0
0
0
0
29193
0
0
-49742
0
0
211008
0
0
0
0
-26929
0
0
126102
0
0
0
0
0
0
0
0
0
0
205815
0
0
0
-168047
0
0
0
0
0
0
0
0
-124319
-213000
175480
0
0
110705
0
0
0
0
0
0
0
0
0
0
0
0
0
0
0
0
-28855
72829
0
0
0
-21542
0
0
0
3081
0
67610
0
0
0
0
0
0
0
-36357
0
0
-63616
-309135
0
0
0
0
-191664
0
41491
0
0
0
0
30950
0
0
23579
0
0
59502
0
0
0
0
0
-103579
0
0
0
251658
0
0
0
0
0
0
0
65947
0
0
0
0
0
0
0
0
-94588
-15175
106605
0
0
0
0
0
24689
0
0
0
0
0
-158102
78900
-38759
-130075
0
-22943
130678
140301
82856
0
145875
0
-45993
-62096
36508
-140235
13779
284324
-14930
0
0
-110217
19903
113325
154598
-154928
49884
-56579
-105435
-105982
-93254
-87353
-44468
233555
-165901
275007
78900
25463
31593
-157339
-166418
29016
-107649
28438
271242
-299768
-5574
11168
321298
-96017
-87688
-181025
82117
40080
-93254
-102121
216929
-24253
69245
-124870
-72615
310341
-227686
185832
52886
-6432
168630
-162217
-54014
-109668
83885
-15983
82430
-96017
-41402
-5102
404425
-63159
191921
224274
-74174
49884
-93254
70005
107220
62853
-166418
-76258
-102955
-17255
6572
-154928
154649
69625
-42817
55674
73918
106890
18304
70757
-7544
41594
-166418
0
-11072
-29487
2019
100824
175065
34648
278856
67422
88202
-548
-29546
-110217
86200
22890
-32699
-18636
-55568
-273121
36508
-5574
-105413
-133085
-92956
-81374
0
175187
-78198
-48031
-107649
29016
168256
-42276
-66642
116677
42140
-136020
49884
-145317
19903
-163748
-106561
-72033
37544
4878
16378
85437
48706
186873
11168
33302
18359
-88727
0
28438
-68947
-68427
131538
24953
-35809
29114
-36636
29016
-173481
-79785
-81182
92745
-61086
7696
-42623
-9513
64664
261152
-35214
-32108
-79737
-110217
0
-48367
-48400
95404
-152372
17725
239129
-144389
126256
-122047
-3040
-101533
-36321
-161351
72224
-207322
