0 0
1 -3664
2 -3664
3 -141813
4 869121
5 -14530
6 -15415
7 124117
8 312454
9 -95654
10 -17645
11 -6797
12 0
13 -17720
14 -39595
15 0
16 67934
17 143539
18 0
19 49956
20 363465
21 97873
22 817656
23 -16910
24 110808
25 0
26 -19440
27 -19440
28 -108029
29 -189602
30 45210
31 288015
32 236509
33 -48809
34 106252
35 10771
36 10771
37 -38952
38 0
39 94134
40 49041
41 160926
42 359212
43 98206
44 98206
45 -109878
46 -141329
47 -45145
48 252716
49 193846
50 288852
51 0
52 169370
53 457439
54 21845
55 0
56 0
57 0
58 0
59 0
60 0
61 0
62 0
63 0
64 0
65 0
66 0
67 0
68 0
69 0
70 233048
71 691411
72 0
73 -52345
74 969804
75 -14371
76 388149
77 0
78 0
79 370720
80 97621
81 -8888
82 347057
83 366697
84 257230
85 -132968
86 11875
87 116854
88 0
89 0
90 0
91 0
92 0
93 0
94 0
95 26287
96 38365
97 108303
98 0
99 0
100 0
101 0
102 106599
103 187935
104 233297
105 0
106 0
107 0
108 0
109 0
110 0
111 0
112 562365
113 1201990
114 84196
115 0
116 0
117 214750
118 0
119 -205724
120 0
121 0
122 0
123 0
124 0
125 0
126 0
127 0
128 927715
129 0
130 0
131 0
132 0
133 0
134 0
135 0
136 19251
137 0
138 0
139 0
140 -372581
141 0
142 0
143 0
144 0
145 0
146 0
147 0
148 0
149 0
150 0
151 0
152 0
153 0
154 11528
155 5946
156 -71377
157 0
158 0
159 0
160 306636
161 152578
162 0
163 0
164 0
165 0
166 30439
167 41024
168 257904
169 178202
170 851837
171 74328
172 0
173 36028
174 702255
175 0
176 0
177 18201
178 0
179 47822
180 0
181 0
182 0
183 0
184 0
185 0
186 0
187 0
188 0
189 0
190 0
191 -85873
192 -85873
193 60699
194 0
195 259291
196 0
197 0
198 0
199 492363
200 0
201 0
202 0
203 298741
204 0
205 708588
206 0
207 0
208 80153
209 0
210 -11018
211 0
212 -149148
213 0
214 0
215 0
216 0
217 0
218 0
219 0
220 0
221 0
222 0
223 0
224 0
225 0
226 531162
227 0
228 0
229 0
230 0
231 0
232 0
233 0
234 0
235 0
236 0
237 0
238 0
239 0
240 0
241 0
242 0
243 34138
244 0
245 0
246 0
247 0
248 0
249 0
250 147794
251 351949
252 232839
253 253202
254 -190802
255 221902
256 104266
257 0
258 0
259 -2081
260 131606
261 -61114
262 0
263 0
264 0
265 0
266 0
267 0
268 0
269 468880
270 0
271 0
272 0
273 0
274 0
275 0
276 757990
277 0
278 0
279 0
280 0
281 0
282 0
283 0
284 0
285 0
286 0
287 0
288 0
289 0
290 -152507
291 0
292 0
293 0
294 0
295 36010
296 0
297 237254
298 0
299 0
300 0
301 61927
302 0
303 0
304 0
305 -233297
306 -318982
307 37421
308 0
309 183602
310 0
311 0
312 0
313 0
314 0
315 0
316 44466
317 0
318 0
319 0
320 0
321 0
322 0
323 0
324 0
325 0
326 0
327 182906
328 0
329 0
330 0
331 0
332 0
333 0
334 0
335 0
336 0
337 0
338 0
339 0
340 0
341 0
342 0
343 195157
344 0
345 0
346 0
347 0
348 124187
349 0
350 100394
351 0
352 0
353 0
354 42091
355 -113868
356 215759
357 215412
358 146889
359 0
360 0
361 -30115
362 239817
363 0
364 0
365 0
366 -397651
367 0
368 0
369 0
370 0
371 0
372 0
373 0
374 26038
375 -32855
376 416165
377 3531
378 0
379 7225
380 330272
381 0
382 0
383 0
384 -42040
385 0
386 0
387 0
388 0
389 -37421
390 0
391 0
392 0
393 0
394 0
395 0
396 0
397 0
398 0
399 0
400 209609
401 -70616
402 278140
403 0
404 0
405 281
406 0
407 0
408 0
409 0
410 318982
411 0
412 0
413 0
414 0
415 0
416 0
417 0
418 0
419 0
420 -103937
421 0
422 0
423 0
424 0
425 0
426 0
427 0
428 0
429 0
430 0
431 220700
432 -198914
433 -341459
434 -100394
435 0
436 0
437 0
438 0
439 0
440 183461
441 0
442 -433082
443 28039
444 54815
445 0
446 193498
447 -149728
448 -28039
449 -54815
450 149728
451 0
452 0
453 0
454 245122
455 0
456 0
457 0
458 0
459 0
460 0
461 0
462 0
463 0
464 0
465 0
466 0
467 0
468 0
469 0
470 0
471 0
472 0
473 0
474 0
475 0
476 0
477 0
478 -30791
479 0
480 0
481 0
482 0
483 0
484 47964
485 0
486 0
487 0
488 0
489 -47724
490 160109
491 0
492 0
493 0
494 0
495 -92592
496 -146182
497 0
498 0
499 0
500 0
501 0
502 45600
503 230860
504 40145
505 0
506 0
507 0
508 0
509 0
510 0
511 0
512 0
513 0
514 0
515 0
516 0
517 0
518 0
519 0
520 0
521 22514
522 0
523 0
524 0
525 0
526 0
527 197461
528 0
529 0
530 0
531 0
532 0
533 -257836
534 39236
535 -77728
536 -235389
537 0
538 0
539 0
540 2501
541 -158492
542 0
543 165661
544 28581
545 117058
546 34194
547 -90762
548 38678
549 0
550 0
551 0
552 0
553 0
554 47486
555 0
556 0
557 0
558 0
559 0
560 111777
561 279330
562 -196796
563 0
564 -236933
565 0
566 0
567 274233
568 0
569 0
570 -121756
571 0
572 378592
573 0
574 0
575 -106411
576 0
577 29165
578 0
579 0
580 0
581 0
582 -12813
583 0
584 0
585 0
586 0
587 0
588 0
589 84042
590 0
591 0
592 -113090
593 238390
594 0
595 0
596 0
597 0
598 0
599 0
600 0
601 0
602 0
603 0
604 0
605 0
606 0
607 0
608 0
609 0
610 0
611 0
612 0
613 0
614 0
615 0
616 0
617 0
618 0
619 0
620 0
621 0
622 0
623 0
624 0
625 0
626 286171
627 0
628 0
629 0
630 0
631 0
632 0
633 70376
634 -49469
635 0
636 0
637 -26038
638 0
639 0
640 0
641 0
642 0
643 0
644 0
645 0
646 83925
647 29080
648 86009
649 86009
650 0
651 40595
652 40595
653 40595
654 -35595
655 159260
656 0
657 0
658 0
659 0
660 -153876
661 0
662 0
663 0
664 0
665 0
666 0
667 0
668 0
669 0
670 0
671 0
672 0
673 0
674 0
675 0
676 0
677 0
678 0
679 -23896
680 0
681 7793
682 0
683 0
684 0
685 0
686 -83407
687 238310
688 117741
689 131839
690 0
691 0
692 0
693 0
694 0
695 0
696 0
697 53673
698 470654
699 0
700 0
701 0
702 0
703 0
704 0
705 0
706 0
707 0
708 0
709 0
710 142657
711 0
712 0
713 0
714 0
715 0
716 0
717 0
718 0
719 0
720 0
721 16932
722 131638
723 0
724 0
725 0
726 0
727 0
728 0
729 -100597
730 0
731 0
732 0
733 0
734 121602
735 163665
736 0
737 0
738 0
739 0
740 0
741 0
742 0
743 44639
744 -92164
745 0
746 65697
747 -121602
748 0
749 0
750 -28675
751 54149
752 -155229
753 -79584
754 0
755 0
756 0
757 0
758 -131638
759 -44639
760 0
761 0
762 0
763 0
764 0
765 0
766 0
767 135000
768 0
769 0
770 0
771 5261
772 -176083
773 -163665
774 0
775 0
776 -68654
777 0
778 0
779 0
780 0
781 0
782 0
783 33246
784 246481
785 0
786 0
787 0
788 0
789 0
790 0
791 0
792 0
793 0
794 0
795 0
796 0
797 0
798 0
799 0
800 0
801 0
802 0
803 0
804 0
805 0
806 0
807 0
808 0
809 0
810 0
811 0
812 232089
813 0
814 0
815 0
816 0
817 0
818 0
819 0
820 0
821 0
822 0
823 0
824 0
825 0
826 0
827 0
828 0
829 0
830 0
831 0
832 0
833 0
834 0
835 0
836 0
837 441944
838 -61762
839 53060
840 0
841 0
842 0
843 0
844 0
845 0
846 0
847 0
848 0
849 0
850 0
851 0
852 0
853 0
854 0
855 -6671
856 0
857 0
858 0
859 0
860 0
861 0
862 0
863 0
864 0
865 0
866 0
867 0
868 0
869 0
870 -51715
871 0
872 40306
873 0
874 -8344
875 0
876 -104897
877 0
878 0
879 0
880 0
881 157927
882 72715
883 0
884 0
885 0
886 0
887 0
888 0
889 46076
890 0
891 0
892 -55370
893 -135409
894 -177538
895 0
896 0
897 0
898 0
899 -96451
900 65153
901 383903
902 0
903 0
904 0
905 0
906 0
907 6671
908 33345
909 0
910 0
911 0
912 0
913 161740
914 0
915 0
916 0
917 0
918 0
919 197141
920 0
921 0
922 0
923 0
924 0
925 0
926 34049
927 -133543
928 0
929 0
930 0
931 0
932 0
933 0
934 0
935 0
936 0
937 0
938 0
939 -38011
940 34147
941 182382
942 85465
943 -19286
944 -19286
945 0
946 -102920
947 0
948 0
949 0
950 0
951 0
952 0
953 0
954 0
955 0
956 0
957 0
958 0
959 0
960 0
961 -27035
962 0
963 177282
964 0
965 0
966 0
967 0
968 0
969 0
970 0
971 0
972 0
973 -230860
974 0
975 0
976 0
977 0
978 0
979 0
980 83458
981 0
982 0
983 0
984 0
985 0
986 0
987 0
988 0
989 0
990 0
991 0
992 0
993 0
994 0
995 0
996 0
997 0
998 0
999 0
1000 0
1001 0
1002 0
1003 0
1004 0
1005 0
1006 0
1007 0
1008 0
1009 0
1010 0
1011 116623
1012 0
1013 0
1014 0
1015 0
1016 0
1017 -46176
1018 0
1019 0
1020 0
1021 0
1022 -33246
1023 63339
1024 75221
1025 0
1026 0
1027 0
1028 0
1029 0
1030 0
1031 0
1032 0
1033 148319
1034 0
1035 0
1036 0
1037 -42328
1038 269172
1039 0
1040 0
1041 0
1042 0
1043 0
1044 0
1045 0
1046 0
1047 76269
1048 0
1049 0
1050 0
1051 0
1052 0
1053 0
1054 0
1055 0
1056 0
1057 0
1058 0
1059 0
1060 0
1061 0
1062 0
1063 0
1064 0
1065 0
1066 0
1067 0
1068 0
1069 0
1070 0
1071 0
1072 0
1073 0
1074 0
1075 0
1076 0
1077 0
1078 0
1079 0
1080 0
1081 697223
1082 0
1083 0
1084 0
1085 0
1086 34595
1087 0
1088 0
1089 0
1090 0
1091 0
1092 0
1093 0
1094 0
1095 0
1096 0
1097 0
1098 0
1099 0
1100 0
1101 0
1102 0
1103 0
1104 0
1105 26550
1106 143829
1107 -333978
1108 0
1109 0
1110 0
1111 0
1112 0
1113 0
1114 0
1115 0
1116 0
1117 0
1118 0
1119 0
1120 -47760
1121 6379
1122 -40145
1123 0
1124 54972
1125 0
1126 0
1127 0
1128 0
1129 3493
1130 121141
1131 0
1132 0
1133 0
1134 0
1135 0
1136 186650
1137 0
1138 -54972
1139 -28063
1140 0
1141 0
1142 0
1143 -37653
1144 -195242
1145 -40063
1146 0
1147 0
1148 0
1149 158537
1150 0
1151 -220353
1152 0
1153 0
1154 0
1155 0
1156 0
1157 0
1158 0
1159 0
1160 0
1161 0
1162 0
1163 0
1164 0
1165 0
1166 75153
1167 0
1168 0
1169 0
1170 -19025
1171 -47306
1172 0
1173 -44437
1174 0
1175 0
1176 378403
1177 0
1178 0
1179 0
1180 0
1181 0
1182 0
1183 0
1184 0
1185 -96986
1186 0
1187 0
1188 0
1189 74077
1190 0
1191 0
1192 0
1193 0
1194 0
1195 0
1196 0
1197 0
1198 0
1199 0
1200 -57042
1201 0
1202 0
1203 -58191
1204 0
1205 0
1206 0
1207 0
1208 0
1209 0
1210 0
1211 0
1212 0
1213 0
1214 0
1215 0
1216 0
1217 0
1218 86889
1219 0
1220 0
1221 -108967
1222 0
1223 -2898
1224 -39069
1225 0
1226 0
1227 0
1228 533506
1229 -86889
1230 0
1231 0
1232 0
1233 0
1234 0
1235 0
1236 0
1237 0
1238 277479
1239 0
1240 0
1241 77780
1242 0
1243 0
1244 0
1245 0
1246 0
1247 0
1248 0
1249 140909
1250 0
1251 0
1252 0
1253 0
1254 0
1255 92835
1256 0
1257 0
1258 0
1259 0
1260 0
1261 0
1262 0
1263 0
1264 0
1265 0
1266 0
1267 0
1268 0
1269 0
1270 0
1271 0
1272 0
1273 0
1274 0
1275 0
1276 0
1277 0
1278 0
1279 0
1280 0
1281 0
1282 0
1283 0
1284 -213316
1285 0
1286 0
1287 67977
1288 217344
1289 -126761
1290 159135
1291 0
1292 0
1293 0
1294 0
1295 378651
1296 198320
1297 -108048
1298 200531
1299 0
1300 0
1301 134765
1302 0
1303 0
1304 0
1305 0
1306 0
1307 0
1308 0
1309 0
1310 93744
1311 0
1312 0
1313 0
1314 0
1315 0
1316 33117
1317 0
1318 73520
1319 0
1320 0
1321 0
1322 0
1323 -209140
1324 0
1325 0
1326 0
1327 262302
1328 0
1329 0
1330 112828
1331 233938
1332 0
1333 0
1334 0
1335 0
1336 0
1337 0
1338 0
1339 -111777
1340 0
1341 0
1342 0
1343 0
1344 0
1345 0
1346 0
1347 0
1348 0
1349 0
1350 0
1351 27035
1352 0
1353 0
1354 0
1355 0
1356 0
1357 0
1358 0
1359 0
1360 69511
1361 0
1362 0
1363 0
1364 0
1365 -102255
1366 0
1367 177127
1368 -177377
1369 0
1370 0
1371 0
1372 0
1373 212740
1374 0
1375 0
1376 0
1377 0
1378 0
1379 0
1380 -25543
1381 -76178
1382 0
1383 -21135
1384 333978
1385 0
1386 0
1387 0
1388 0
1389 0
1390 0
1391 55542
1392 0
1393 0
1394 0
1395 0
1396 0
1397 0
1398 41753
1399 0
1400 -133243
1401 -107939
1402 0
1403 0
1404 0
1405 0
1406 0
1407 -48234
1408 0
1409 -95087
1410 0
1411 0
1412 0
1413 0
1414 0
1415 0
1416 0
1417 0
1418 0
1419 0
1420 0
1421 0
1422 0
1423 0
1424 0
1425 0
1426 119386
1427 0
1428 0
1429 0
1430 0
1431 0
1432 0
1433 0
1434 0
1435 0
1436 0
1437 0
1438 0
1439 0
1440 0
1441 0
1442 0
1443 0
1444 0
1445 0
1446 0
1447 0
1448 0
1449 0
1450 0
1451 31489
1452 0
1453 0
1454 0
1455 0
1456 0
1457 123066
1458 0
1459 0
1460 0
1461 0
1462 0
1463 0
1464 0
1465 0
1466 0
1467 0
1468 -51246
1469 0
1470 0
1471 0
1472 165501
1473 0
1474 0
1475 0
1476 0
1477 0
1478 0
1479 133181
1480 0
1481 0
1482 0
1483 0
1484 0
1485 0
1486 0
1487 0
1488 0
1489 141333
1490 66818
1491 256360
1492 0
1493 0
1494 0
1495 0
1496 0
1497 595845
1498 0
1499 0
1500 0
1501 64911
1502 213441
1503 0
1504 -33006
1505 0
1506 0
1507 0
1508 0
1509 0
1510 0
1511 0
1512 0
1513 0
1514 0
1515 0
1516 189602
1517 0
1518 0
1519 0
1520 0
1521 0
1522 0
1523 0
1524 126180
1525 0
1526 0
1527 0
1528 0
1529 0
1530 0
1531 0
1532 0
1533 0
1534 0
1535 0
1536 0
1537 0
1538 0
1539 0
1540 0
1541 0
1542 0
1543 0
1544 0
1545 45740
1546 6509
1547 0
1548 0
1549 0
1550 0
1551 31080
1552 135501
1553 114996
1554 201668
1555 104751
1556 0
1557 114350
1558 0
1559 127146
1560 0
1561 0
1562 136061
1563 0
1564 0
1565 0
1566 0
1567 0
1568 0
1569 24546
1570 0
1571 0
1572 0
1573 0
1574 0
1575 0
1576 0
1577 202421
1578 38538
1579 0
1580 0
1581 0
1582 0
1583 0
1584 63117
1585 0
1586 0
1587 0
1588 0
1589 144809
1590 49304
1591 0
1592 0
1593 0
1594 0
1595 -43890
1596 0
1597 0
1598 0
1599 0
1600 0
1601 116019
1602 0
1603 0
1604 0
1605 40186
1606 132441
1607 0
1608 0
1609 0
1610 0
1611 178667
1612 0
1613 0
1614 0
1615 -38345
1616 0
1617 0
1618 0
1619 0
1620 0
1621 0
1622 -1245
1623 0
1624 0
1625 0
1626 0
1627 0
1628 0
1629 0
1630 0
1631 0
1632 0
1633 0
1634 0
1635 0
1636 0
1637 0
1638 0
1639 0
1640 0
1641 0
1642 0
1643 0
1644 133918
1645 0
1646 0
1647 0
1648 0
1649 0
1650 0
1651 0
1652 0
1653 0
1654 0
1655 0
1656 0
1657 0
1658 0
1659 0
1660 0
1661 0
1662 0
1663 0
1664 0
1665 0
1666 0
1667 0
1668 0
1669 0
1670 0
1671 0
1672 0
1673 0
1674 0
1675 0
1676 210289
1677 83407
1678 0
1679 0
1680 0
1681 0
1682 0
1683 0
1684 0
1685 0
1686 0
1687 0
1688 0
1689 37531
1690 -22807
1691 0
1692 0
1693 0
1694 0
1695 0
1696 0
1697 0
1698 0
1699 0
1700 0
1701 0
1702 0
1703 0
1704 255214
1705 0
1706 0
1707 0
1708 -59721
1709 127033
1710 0
1711 0
1712 0
1713 0
1714 0
1715 0
1716 0
1717 0
1718 38524
1719 0
1720 545041
1721 164972
1722 -22949
1723 0
1724 0
1725 15054
1726 0
1727 0
1728 0
1729 0
1730 0
1731 0
1732 0
1733 0
1734 0
1735 0
1736 0
1737 0
1738 0
1739 0
1740 0
1741 37940
1742 0
1743 0
1744 0
1745 0
1746 0
1747 109640
1748 0
1749 0
1750 0
1751 0
1752 0
1753 0
1754 0
1755 218033
1756 0
1757 0
1758 0
1759 0
1760 68839
1761 0
1762 0
1763 0
1764 0
1765 0
1766 112776
1767 62617
1768 0
1769 0
1770 0
1771 0
1772 0
1773 0
1774 -62285
1775 96259
1776 0
1777 0
1778 0
1779 0
1780 0
1781 109878
1782 14095
1783 0
1784 0
1785 0
1786 0
1787 0
1788 0
1789 0
1790 0
1791 0
1792 0
1793 -69511
1794 102255
1795 0
1796 0
1797 0
1798 0
1799 0
1800 0
1801 -90262
1802 90262
1803 33424
1804 0
1805 0
1806 0
1807 0
1808 0
1809 218435
1810 -233587
1811 0
1812 0
1813 0
1814 0
1815 0
1816 0
1817 0
1818 0
1819 0
1820 0
1821 0
1822 195242
1823 0
1824 -54148
1825 54148
1826 99493
1827 0
1828 0
1829 0
1830 0
1831 0
1832 0
1833 0
1834 0
1835 -13474
1836 -28581
1837 13474
1838 0
1839 -14636
1840 0
1841 0
1842 0
1843 -41650
1844 0
1845 0
1846 0
1847 0
1848 0
1849 0
1850 0
1851 0
1852 0
1853 0
1854 0
1855 0
1856 94724
1857 1556
1858 0
1859 0
1860 0
1861 0
1862 0
1863 0
1864 0
1865 0
1866 0
1867 -6509
1868 -65974
1869 0
1870 149581
1871 0
1872 0
1873 54193
1874 0
1875 0
1876 0
1877 145752
1878 0
1879 -127713
1880 0
1881 0
1882 0
1883 0
1884 0
1885 0
1886 0
1887 0
1888 0
1889 -36424
1890 0
1891 0
1892 0
1893 177377
1894 0
1895 0
1896 0
1897 0
1898 0
1899 0
1900 0
1901 0
1902 0
1903 0
1904 0
1905 0
1906 0
1907 0
1908 0
1909 0
1910 -113499
1911 -11615
1912 0
1913 0
1914 -120684
1915 -120684
1916 -120684
1917 0
1918 0
1919 0
1920 0
1921 0
1922 62311
1923 84541
1924 0
1925 68518
1926 0
1927 0
1928 0
1929 346
1930 -403710
1931 0
1932 -60611
1933 0
1934 91177
1935 43966
1936 0
1937 -205243
1938 378651
1939 0
1940 0
1941 0
1942 0
1943 73889
1944 163723
1945 227048
1946 0
1947 0
1948 0
1949 0
1950 0
1951 0
1952 0
1953 0
1954 0
1955 0
1956 49582
1957 0
1958 0
1959 169351
1960 0
1961 0
1962 0
1963 0
1964 0
1965 -2488
1966 0
1967 0
1968 0
1969 0
1970 0
1971 0
1972 0
1973 0
1974 88128
1975 112475
1976 0
1977 0
1978 0
1979 0
1980 0
1981 0
1982 0
1983 0
1984 0
1985 0
1986 0
1987 0
1988 0
1989 0
1990 80040
1991 0
1992 0
1993 29455
1994 61
1995 0
1996 155149
1997 0
1998 7212
1999 0
2000 205991
2001 0
2002 36180
2003 0
2004 0
2005 0
2006 0
2007 0
2008 53720
2009 165952
2010 36329
2011 151982
2012 0
2013 0
2014 0
2015 -61
2016 0
2017 0
2018 39071
2019 372449
2020 -66818
2021 0
2022 0
2023 0
2024 0
2025 122798
2026 76222
2027 54738
2028 0
2029 51542
2030 0
2031 0
2032 0
2033 219638
2034 110413
2035 0
2036 0
2037 0
2038 0
2039 0
2040 0
2041 0
2042 -61955
2043 0
2044 11145
2045 0
2046 -23135
2047 21135
2048 -29455
2049 0
2050 -24256
2051 0
2052 0
2053 -38524
2054 0
2055 -4461
2056 0
2057 0
2058 0
2059 -34070
2060 47212
2061 41930
2062 0
2063 5417
2064 0
2065 0
2066 -43609
2067 16112
2068 0
2069 131062
2070 0
2071 -36162
2072 0
2073 0
2074 0
2075 0
2076 0
2077 0
2078 0
2079 24256
2080 175616
2081 43609
2082 -16112
2083 -41930
2084 196796
2085 -26501
2086 0
2087 30263
2088 -51916
2089 0
2090 36681
2091 71553
2092 20874
2093 0
2094 0
2095 0
2096 -68571
2097 0
2098 0
2099 -10165
2100 -10165
2101 39584
2102 0
2103 -68571
2104 -39584
2105 26501
2106 -36681
2107 10165
2108 10165
2109 68571
2110 68571
2111 -110413
2112 0
2113 5993
2114 0
2115 0
2116 -26642
2117 151433
2118 -61927
2119 35051
2120 51862
2121 -129988
2122 31635
2123 -28160
2124 34070
2125 0
2126 0
2127 0
2128 0
2129 0
2130 -13082
2131 0
2132 0
2133 0
2134 0
2135 0
2136 0
2137 0
2138 0
2139 0
2140 0
2141 0
2142 0
2143 0
2144 0
2145 0
2146 0
2147 0
2148 167259
2149 115682
2150 0
2151 80271
2152 0
2153 0
2154 0
2155 0
2156 0
2157 0
2158 0
2159 0
2160 0
2161 0
2162 0
2163 0
2164 0
2165 0
2166 0
2167 0
2168 0
2169 0
2170 0
2171 0
2172 0
2173 0
2174 -42494
2175 0
2176 0
2177 0
2178 0
2179 0
2180 150708
2181 0
2182 0
2183 0
2184 0
2185 0
2186 0
2187 0
2188 0
2189 0
2190 0
2191 0
2192 0
2193 0
2194 0
2195 0
2196 140154
2197 0
2198 102955
2199 0
2200 0
2201 0
2202 0
2203 0
2204 0
2205 0
2206 0
2207 0
2208 0
2209 0
2210 0
2211 28084
2212 0
2213 0
2214 0
2215 59501
2216 0
2217 19024
2218 19024
2219 69007
2220 0
2221 0
2222 0
2223 -16283
2224 0
2225 0
2226 0
2227 75772
2228 0
2229 0
2230 0
2231 -44836
2232 0
2233 0
2234 0
2235 0
2236 27259
2237 0
2238 0
2239 -140909
2240 0
2241 0
2242 -72516
2243 0
2244 61955
2245 0
2246 -107092
2247 0
2248 0
2249 0
2250 0
2251 0
2252 0
2253 0
2254 0
2255 0
2256 0
2257 0
2258 0
2259 0
2260 0
2261 2898
2262 0
2263 0
2264 0
2265 117186
2266 0
2267 54354
2268 184123
2269 0
2270 0
2271 0
2272 0
2273 0
2274 43624
2275 178150
2276 0
2277 0
2278 0
2279 0
2280 0
2281 0
2282 0
2283 0
2284 0
2285 0
2286 0
2287 0
2288 0
2289 -71928
2290 0
2291 0
2292 0
2293 0
2294 0
2295 0
2296 0
2297 0
2298 0
2299 0
2300 -115682
2301 0
2302 169865
2303 0
2304 0
2305 0
2306 0
2307 0
2308 0
2309 17196
2310 0
2311 213467
2312 0
2313 0
2314 0
2315 -19264
2316 103828
2317 0
2318 -103828
2319 0
2320 0
2321 0
2322 0
2323 0
2324 0
2325 0
2326 0
2327 0
2328 0
2329 0
2330 0
2331 0
2332 0
2333 0
2334 0
2335 0
2336 0
2337 0
2338 0
2339 0
2340 74878
2341 0
2342 0
2343 18330
2344 0
2345 0
2346 0
2347 -22024
2348 0
2349 0
2350 0
2351 0
2352 0
2353 312008
2354 0
2355 0
2356 0
2357 0
2358 0
2359 0
2360 0
2361 0
2362 0
2363 0
2364 91698
2365 23762
2366 0
2367 0
2368 0
2369 0
2370 0
2371 0
2372 0
2373 0
2374 0
2375 51955
2376 0
2377 0
2378 231384
2379 142993
2380 0
2381 0
2382 0
2383 0
2384 0
2385 0
2386 0
2387 -252716
2388 0
2389 0
2390 0
2391 0
2392 0
2393 -142993
2394 0
2395 0
2396 0
2397 0
2398 0
2399 0
2400 -121141
2401 133342
2402 218539
2403 0
2404 -32011
2405 94799
2406 357965
2407 0
2408 0
2409 0
2410 0
2411 0
2412 0
2413 0
2414 0
2415 0
2416 0
2417 0
2418 0
2419 9321
2420 0
2421 0
2422 0
2423 0
2424 0
2425 0
2426 0
2427 0
2428 0
2429 0
2430 0
2431 0
2432 40063
2433 0
2434 0
2435 0
2436 0
2437 0
2438 0
2439 0
2440 0
2441 0
2442 204355
2443 0
2444 0
2445 0
2446 0
2447 0
2448 0
2449 0
2450 0
2451 -218033
2452 0
2453 0
2454 0
2455 0
2456 0
2457 0
2458 0
2459 0
2460 0
2461 0
2462 0
2463 0
2464 0
2465 0
2466 0
2467 0
2468 0
2469 0
2470 -95643
2471 -108566
2472 -292195
2473 0
2474 -73323
2475 0
2476 -147906
2477 0
2478 0
2479 0
2480 0
2481 0
2482 0
2483 0
2484 0
2485 0
2486 0
2487 0
2488 0
2489 -52659
2490 0
2491 0
2492 -90751
2493 0
2494 0
2495 0
2496 0
2497 -84486
2498 176609
2499 0
2500 0
2501 0
2502 0
2503 0
2504 0
2505 0
2506 0
2507 0
2508 0
2509 0
2510 0
2511 0
2512 0
2513 0
2514 156491
2515 -330272
2516 -274233
2517 0
2518 0
2519 0
2520 0
2521 0
2522 0
2523 0
2524 54591
2525 393452
2526 0
2527 0
2528 0
2529 0
2530 0
2531 0
2532 0
2533 190730
2534 0
2535 0
2536 -54591
2537 0
2538 0
2539 0
2540 0
2541 0
2542 0
2543 0
2544 0
2545 0
2546 0
2547 0
2548 0
2549 0
2550 0
2551 0
2552 0
2553 0
2554 0
2555 0
2556 279013
2557 0
2558 0
2559 0
2560 0
2561 0
2562 0
2563 0
2564 0
2565 0
2566 -210119
2567 107518
2568 -332770
2569 164308
2570 0
2571 0
2572 0
2573 0
2574 0
2575 0
2576 0
2577 0
2578 0
2579 0
2580 0
2581 0
2582 0
2583 0
2584 0
2585 -208964
2586 0
2587 0
2588 0
2589 0
2590 0
2591 0
2592 0
2593 0
2594 0
2595 0
2596 0
2597 0
2598 55019
2599 19453
2600 -93901
2601 123301
2602 0
2603 0
2604 0
2605 0
2606 0
2607 0
2608 0
2609 0
2610 0
2611 0
2612 0
2613 0
2614 0
2615 0
2616 0
2617 0
2618 0
2619 0
2620 0
2621 0
2622 0
2623 0
2624 0
2625 0
2626 0
2627 0
2628 -102898
2629 0
2630 0
2631 0
2632 0
2633 0
2634 0
2635 36424
2636 0
2637 0
2638 0
2639 0
2640 0
2641 0
2642 0
2643 0
2644 0
2645 0
2646 0
2647 0
2648 0
2649 0
2650 0
2651 0
2652 0
2653 0
2654 0
2655 0
2656 0
2657 0
2658 0
2659 0
2660 0
2661 0
2662 0
2663 0
2664 106403
2665 0
2666 0
2667 0
2668 0
2669 0
2670 0
2671 0
2672 -42141
2673 0
2674 0
2675 0
2676 0
2677 0
2678 0
2679 0
2680 0
2681 0
2682 -45572
2683 -72990
2684 0
2685 0
2686 0
2687 130130
2688 0
2689 -118783
2690 0
2691 0
2692 0
2693 0
2694 0
2695 -31000
2696 -35346
2697 -226627
2698 -174867
2699 -219638
2700 -42193
2701 0
2702 0
2703 0
2704 0
2705 0
2706 0
2707 0
2708 0
2709 58972
2710 0
2711 0
2712 0
2713 0
2714 0
2715 0
2716 0
2717 0
2718 0
2719 0
2720 0
2721 0
2722 0
2723 174263
2724 -73
2725 -130191
2726 -281053
2727 0
2728 0
2729 125024
2730 0
2731 61114
2732 0
2733 0
2734 0
2735 0
2736 -48319
2737 -4215
2738 0
2739 0
2740 0
2741 0
2742 0
2743 0
2744 0
2745 0
2746 0
2747 0
2748 0
2749 0
2750 52285
2751 0
2752 0
2753 0
2754 150780
2755 0
2756 0
2757 0
2758 0
2759 0
2760 0
2761 17851
2762 0
2763 0
2764 0
2765 108865
2766 0
2767 0
2768 0
2769 0
2770 0
2771 0
2772 0
2773 0
2774 0
2775 0
2776 -80465
2777 0
2778 -176609
2779 0
2780 0
2781 0
2782 0
2783 -76695
2784 0
2785 2954
2786 -183
2787 0
2788 131793
2789 -93744
2790 95101
2791 0
2792 0
2793 0
2794 0
2795 0
2796 0
2797 0
2798 0
2799 0
2800 0
2801 0
2802 0
2803 0
2804 0
2805 203839
2806 -281
2807 0
2808 0
2809 0
2810 0
2811 0
2812 0
2813 0
2814 0
2815 0
2816 0
2817 0
2818 0
2819 0
2820 0
2821 0
2822 0
2823 0
2824 0
2825 0
2826 0
2827 0
2828 0
2829 0
2830 0
2831 0
2832 -119930
2833 0
2834 0
2835 0
2836 0
2837 0
2838 0
2839 0
2840 0
2841 0
2842 0
2843 0
2844 -152790
2845 0
2846 0
2847 0
2848 0
2849 0
2850 0
2851 0
2852 0
2853 0
2854 0
2855 0
2856 0
2857 0
2858 0
2859 0
2860 0
2861 0
2862 -42417
2863 0
2864 0
2865 0
2866 0
2867 0
2868 0
2869 0
2870 0
2871 0
2872 0
2873 0
2874 0
2875 0
2876 0
2877 0
2878 0
2879 0
2880 0
2881 0
2882 0
2883 0
2884 0
2885 100409
2886 0
2887 98980
2888 0
2889 38918
2890 0
2891 0
2892 0
2893 0
2894 0
2895 0
2896 0
2897 0
2898 0
2899 0
2900 -58430
2901 -58430
2902 0
2903 0
2904 0
2905 0
2906 0
2907 0
2908 0
2909 0
2910 0
2911 0
2912 74292
2913 0
2914 0
2915 0
2916 0
2917 0
2918 25380
2919 0
2920 0
2921 0
2922 0
2923 0
2924 0
2925 0
2926 0
2927 0
2928 0
2929 0
2930 0
2931 0
2932 0
2933 0
2934 0
2935 0
2936 0
2937 0
2938 0
2939 0
2940 0
2941 0
2942 0
2943 -154601
2944 0
2945 0
2946 0
2947 0
2948 0
2949 0
2950 0
2951 65608
2952 0
2953 0
2954 89380
2955 188804
2956 0
2957 0
2958 0
2959 -113477
2960 0
2961 0
2962 0
2963 0
2964 0
2965 0
2966 0
2967 0
2968 0
2969 0
2970 0
2971 0
2972 0
2973 0
2974 0
2975 0
2976 -44470
2977 0
2978 0
2979 0
2980 -53060
2981 171081
2982 0
2983 0
2984 40780
2985 0
2986 0
2987 0
2988 0
2989 0
2990 -35199
2991 0
2992 -36329
2993 0
2994 0
2995 0
2996 0
2997 0
2998 0
2999 0
3000 0
3001 0
3002 0
3003 0
3004 0
3005 0
3006 0
3007 0
3008 0
3009 0
3010 0
3011 0
3012 0
3013 0
3014 0
3015 0
3016 0
3017 0
3018 0
3019 0
3020 0
3021 0
3022 0
3023 0
3024 0
3025 0
3026 0
3027 0
3028 0
3029 0
3030 0
3031 0
3032 0
3033 0
3034 0
3035 0
3036 0
3037 219909
3038 355564
3039 0
3040 0
3041 0
3042 0
3043 -53008
3044 0
3045 0
3046 0
3047 0
3048 0
3049 0
3050 0
3051 0
3052 0
3053 0
3054 -278140
3055 0
3056 0
3057 0
3058 0
3059 0
3060 0
3061 0
3062 0
3063 0
3064 0
3065 28088
3066 28088
3067 0
3068 116464
3069 0
3070 0
3071 0
3072 0
3073 41609
3074 34573
3075 0
3076 -245122
3077 -80851
3078 4024
3079 -28088
3080 -62292
3081 -28088
3082 -75645
3083 0
3084 0
3085 0
3086 0
3087 0
3088 0
3089 0
3090 0
3091 0
3092 0
3093 0
3094 0
3095 -80040
3096 0
3097 0
3098 0
3099 0
3100 0
3101 0
3102 0
3103 0
3104 0
3105 0
3106 0
3107 0
3108 0
3109 0
3110 0
3111 0
3112 0
3113 0
3114 0
3115 0
3116 0
3117 0
3118 -79175
3119 26642
3120 0
3121 51435
3122 0
3123 0
3124 -95101
3125 0
3126 0
3127 0
3128 -133181
3129 0
3130 0
3131 0
3132 -53335
3133 -97944
3134 0
3135 -106131
3136 -117186
3137 0
3138 0
3139 0
3140 -99920
3141 0
3142 0
3143 0
3144 0
3145 0
3146 0
3147 0
3148 0
3149 0
3150 0
3151 0
3152 0
3153 0
3154 0
3155 0
3156 0
3157 0
3158 0
3159 0
3160 -123154
3161 0
3162 58714
3163 60565
3164 0
3165 0
3166 0
3167 0
3168 0
3169 0
3170 0
3171 26278
3172 -312454
3173 51695
3174 0
3175 -8483
3176 7279
3177 0
3178 0
3179 0
3180 0
3181 0
3182 0
3183 0
3184 0
3185 0
3186 0
3187 -40306
3188 0
3189 -112439
3190 -13726
3191 0
3192 0
3193 0
3194 112439
3195 -219909
3196 0
3197 50251
3198 3015
3199 0
3200 0
3201 0
3202 0
3203 0
3204 0
3205 0
3206 0
3207 0
3208 0
3209 0
3210 0
3211 0
3212 0
3213 0
3214 -64136
3215 0
3216 28190
3217 0
3218 0
3219 -72702
3220 0
3221 0
3222 214183
3223 0
3224 0
3225 0
3226 0
3227 0
3228 0
3229 0
3230 0
3231 0
3232 0
3233 -5993
3234 0
3235 79825
3236 29711
3237 0
3238 79656
3239 92164
3240 126067
3241 0
3242 0
3243 0
3244 -25997
3245 0
3246 0
3247 0
3248 0
3249 0
3250 0
3251 0
3252 -468880
3253 -34138
3254 0
3255 0
3256 0
3257 0
3258 0
3259 0
3260 0
3261 0
3262 0
3263 0
3264 0
3265 0
3266 0
3267 0
3268 0
3269 0
3270 28136
3271 0
3272 0
3273 0
3274 0
3275 0
3276 0
3277 4215
3278 -457439
3279 0
3280 0
3281 0
3282 0
3283 0
3284 0
3285 0
3286 0
3287 0
3288 20138
3289 37054
3290 0
3291 0
3292 257980
3293 -39636
3294 0
3295 30410
3296 0
3297 0
3298 0
3299 0
3300 0
3301 0
3302 0
3303 0
3304 0
3305 56438
3306 0
3307 169064
3308 0
3309 0
3310 0
3311 0
3312 0
3313 0
3314 0
3315 -60130
3316 -203839
3317 0
3318 0
3319 0
3320 0
3321 0
3322 0
3323 0
3324 0
3325 0
3326 0
3327 0
3328 0
3329 0
3330 0
3331 0
3332 0
3333 0
3334 -20138
3335 115923
3336 155497
3337 0
3338 0
3339 0
3340 0
3341 0
3342 0
3343 -150708
3344 49935
3345 0
3346 108993
3347 -176055
3348 -115303
3349 0
3350 0
3351 0
3352 0
3353 0
3354 0
3355 0
3356 0
3357 0
3358 0
3359 0
3360 0
3361 0
3362 0
3363 135376
3364 158450
3365 0
3366 -374042
3367 -183832
3368 0
3369 161536
3370 0
3371 0
3372 0
3373 0
3374 0
3375 0
3376 -50251
3377 0
3378 0
3379 286628
3380 0
3381 0
3382 0
3383 0
3384 0
3385 0
3386 0
3387 0
3388 -196705
3389 0
3390 0
3391 0
3392 0
3393 0
3394 0
3395 0
3396 0
3397 0
3398 0
3399 0
3400 0
3401 0
3402 0
3403 0
3404 0
3405 0
3406 0
3407 0
3408 0
3409 -20639
3410 0
3411 0
3412 0
3413 0
3414 0
3415 0
3416 250710
3417 0
3418 0
3419 0
3420 0
3421 0
3422 0
3423 0
3424 0
3425 0
3426 0
3427 0
3428 0
3429 -30410
3430 0
3431 0
3432 0
3433 0
3434 0
3435 0
3436 0
3437 137215
3438 -38918
3439 0
3440 0
3441 0
3442 0
3443 0
3444 -116646
3445 60611
3446 0
3447 0
3448 -51760
3449 0
3450 0
3451 79215
3452 0
3453 89145
3454 29300
3455 0
3456 0
3457 0
3458 0
3459 0
3460 0
3461 0
3462 -98394
3463 0
3464 0
3465 176055
3466 0
3467 0
3468 0
3469 0
3470 0
3471 0
3472 121254
3473 0
3474 0
3475 -91177
3476 0
3477 -363137
3478 0
3479 0
3480 -11283
3481 -121254
3482 0
3483 0
3484 0
3485 0
3486 0
3487 0
3488 0
3489 0
3490 0
3491 0
3492 0
3493 0
3494 0
3495 0
3496 0
3497 0
3498 0
3499 -43652
3500 0
3501 0
3502 -38102
3503 0
3504 0
3505 0
3506 0
3507 0
3508 0
3509 0
3510 0
3511 0
3512 0
3513 0
3514 0
3515 0
3516 132286
3517 132286
3518 0
3519 0
3520 -148957
3521 -78097
3522 112080
3523 0
3524 0
3525 0
3526 0
3527 0
3528 -218539
3529 0
3530 49390
3531 0
3532 4872
3533 0
3534 95527
3535 0
3536 -4872
3537 0
3538 0
3539 -131606
3540 0
3541 0
3542 0
3543 0
3544 57172
3545 0
3546 0
3547 25145
3548 0
3549 0
3550 0
3551 0
3552 0
3553 0
3554 0
3555 -140154
3556 0
3557 0
3558 0
3559 0
3560 157923
3561 0
3562 0
3563 0
3564 0
3565 -124243
3566 171505
3567 39890
3568 8187
3569 -84499
3570 43652
3571 0
3572 0
3573 0
3574 -5771
3575 0
3576 0
3577 0
3578 0
3579 43117
3580 0
3581 0
3582 0
3583 0
3584 0
3585 0
3586 0
3587 0
3588 -205926
3589 0
3590 0
3591 0
3592 0
3593 -363451
3594 0
3595 0
3596 -18518
3597 0
3598 0
3599 -357277
3600 -274863
3601 0
3602 0
3603 0
3604 0
3605 -14223
3606 0
3607 0
3608 0
3609 0
3610 0
3611 0
3612 0
3613 0
3614 0
3615 0
3616 0
3617 173709
3618 80820
3619 0
3620 0
3621 0
3622 0
3623 0
3624 -43117
3625 -3494
3626 0
3627 0
3628 0
3629 -117741
3630 0
3631 0
3632 0
3633 0
3634 0
3635 13726
3636 -8422
3637 0
3638 0
3639 -429945
3640 -120274
3641 -5173
3642 -239817
3643 -281333
3644 11615
3645 0
3646 0
3647 0
3648 0
3649 0
3650 0
3651 0
3652 0
3653 0
3654 0
3655 0
3656 0
3657 0
3658 125023
3659 0
3660 -79498
3661 53943
3662 0
3663 0
3664 0
3665 0
3666 78621
3667 0
3668 0
3669 -17196
3670 0
3671 0
3672 0
3673 0
3674 0
3675 65843
3676 0
3677 172605
3678 0
3679 0
3680 0
3681 0
3682 0
3683 0
3684 0
3685 0
3686 0
3687 0
3688 56851
3689 0
3690 0
3691 0
3692 -19107
3693 0
3694 -31080
3695 0
3696 0
3697 0
3698 -13754
3699 0
3700 0
3701 0
3702 0
3703 0
3704 0
3705 0
3706 0
3707 0
3708 0
3709 0
3710 0
3711 0
3712 0
3713 0
3714 0
3715 0
3716 0
3717 -15028
3718 -163908
3719 0
3720 0
3721 0
3722 0
3723 0
3724 0
3725 0
3726 0
3727 0
3728 0
3729 0
3730 0
3731 0
3732 0
3733 0
3734 0
3735 0
3736 0
3737 0
3738 130977
3739 0
3740 0
3741 -229208
3742 0
3743 0
3744 41650
3745 0
3746 0
3747 0
3748 0
3749 0
3750 0
3751 0
3752 46396
3753 0
3754 0
3755 -220700
3756 0
3757 0
3758 0
3759 0
3760 51916
3761 0
3762 -28084
3763 58191
3764 0
3765 0
3766 191119
3767 0
3768 0
3769 0
3770 0
3771 -59625
3772 0
3773 0
3774 0
3775 0
3776 4789
3777 0
3778 0
3779 0
3780 0
3781 0
3782 0
3783 0
3784 0
3785 0
3786 0
3787 0
3788 -355516
3789 0
3790 0
3791 0
3792 0
3793 0
3794 0
3795 0
3796 0
3797 0
3798 0
3799 0
3800 0
3801 0
3802 0
3803 0
3804 0
3805 0
3806 0
3807 0
3808 0
3809 0
3810 0
3811 -67977
3812 0
3813 0
3814 0
3815 0
3816 -51542
3817 138101
3818 0
3819 0
3820 0
3821 0
3822 21107
3823 0
3824 0
3825 0
3826 0
3827 0
3828 0
3829 -100299
3830 55050
3831 0
3832 0
3833 0
3834 -10456
3835 0
3836 39849
3837 0
3838 -455353
3839 0
3840 0
3841 0
3842 0
3843 0
3844 0
3845 0
3846 0
3847 0
3848 0
3849 0
3850 0
3851 167890
3852 0
3853 0
3854 0
3855 0
3856 0
3857 0
3858 0
3859 0
3860 0
3861 0
3862 0
3863 0
3864 -147086
3865 0
3866 0
3867 0
3868 0
3869 130870
3870 -37738
3871 0
3872 0
3873 0
3874 -106252
3875 -77229
3876 -178150
3877 0
3878 0
3879 0
3880 0
3881 0
3882 0
3883 0
3884 49743
3885 0
3886 0
3887 0
3888 0
3889 -177282
3890 0
3891 0
3892 0
3893 0
3894 0
3895 0
3896 0
3897 0
3898 28084
3899 0
3900 0
3901 43061
3902 0
3903 0
3904 10129
3905 0
3906 0
3907 0
3908 0
3909 64136
3910 0
3911 0
3912 0
3913 0
3914 0
3915 0
3916 0
3917 0
3918 0
3919 0
3920 0
3921 0
3922 0
3923 0
3924 22024
3925 0
3926 0
3927 5698
3928 0
3929 -226915
3930 39201
3931 0
3932 0
3933 0
3934 0
3935 65974
3936 0
3937 0
3938 76695
3939 0
3940 0
3941 0
3942 0
3943 -127055
3944 0
3945 0
3946 0
3947 0
3948 0
3949 -23124
3950 -33250
3951 77275
3952 0
3953 0
3954 0
3955 0
3956 0
3957 0
3958 -131793
3959 0
3960 85946
3961 0
3962 0
3963 0
3964 0
3965 0
3966 154106
3967 -149230
3968 0
3969 0
3970 0
3971 0
3972 0
3973 0
3974 0
3975 0
3976 0
3977 0
3978 0
3979 -122798
3980 0
3981 -44787
3982 0
3983 0
3984 0
3985 0
3986 90232
3987 -9321
3988 0
3989 0
3990 0
3991 91608
3992 -131062
3993 -51862
3994 -2501
3995 0
3996 0
3997 -133863
3998 6292
3999 8344
4000 0
4001 -242284
4002 -19579
4003 0
4004 -51222
4005 0
4006 0
4007 230627
4008 0
4009 50737
4010 0
4011 0
4012 -50737
4013 0
4014 0
4015 0
4016 -89850
4017 0
4018 0
4019 89850
4020 0
4021 0
4022 0
4023 0
4024 0
4025 0
4026 64180
4027 -127033
4028 0
4029 64757
4030 25997
4031 0
4032 0
4033 22807
4034 51325
4035 0
4036 83341
4037 0
4038 -49743
4039 28083
4040 -11103
4041 0
4042 0
4043 -5145
4044 0
4045 -28084
4046 0
4047 0
4048 0
4049 0
4050 0
4051 0
4052 0
4053 0
4054 -94724
4055 -369562
4056 0
4057 0
4058 0
4059 0
4060 0
4061 123154
4062 0
4063 0
4064 0
4065 0
4066 -416165
4067 0
4068 0
4069 0
4070 0
4071 0
4072 0
4073 0
4074 0
4075 0
4076 0
4077 -257980
4078 -71161
4079 0
4080 0
4081 0
4082 0
4083 0
4084 0
4085 0
4086 13082
4087 0
4088 0
4089 0
4090 0
4091 0
4092 0
4093 0
4094 0
4095 0
4096 0
4097 0
4098 0
4099 39636
4100 0
4101 -70575
4102 -170294
4103 -41469
4104 0
4105 -99719
4106 108967
4107 0
4108 0
4109 0
4110 0
4111 0
4112 0
4113 0
4114 0
4115 0
4116 158901
4117 90115
4118 0
4119 0
4120 0
4121 0
4122 0
4123 0
4124 0
4125 -90115
4126 -134176
4127 0
4128 0
4129 0
4130 0
4131 0
4132 0
4133 19636
4134 0
4135 0
4136 0
4137 0
4138 0
4139 0
4140 0
4141 0
4142 0
4143 0
4144 37783
4145 0
4146 0
4147 113477
4148 75675
4149 0
4150 0
4151 0
4152 0
4153 0
4154 0
4155 0
4156 -92835
4157 55613
4158 0
4159 0
4160 0
4161 101119
4162 0
4163 0
4164 0
4165 0
4166 0
4167 0
4168 0
4169 0
4170 0
4171 -36360
4172 0
4173 36360
4174 0
4175 0
4176 0
4177 0
4178 0
4179 0
4180 0
4181 0
4182 0
4183 71437
4184 0
4185 0
4186 0
4187 0
4188 -1139
4189 0
4190 0
4191 0
4192 0
4193 0
4194 -84089
4195 39188
4196 119250
4197 0
4198 0
4199 0
4200 0
4201 0
4202 0
4203 0
4204 0
4205 0
4206 0
4207 32270
4208 8422
4209 0
4210 0
4211 0
4212 0
4213 0
4214 0
4215 0
4216 0
4217 0
4218 0
4219 0
4220 0
4221 -214750
4222 0
4223 0
4224 0
4225 92424
4226 0
4227 0
4228 0
4229 0
4230 0
4231 0
4232 0
4233 -75221
4234 0
4235 0
4236 0
4237 -76821
4238 296266
4239 0
4240 0
4241 0
4242 0
4243 0
4244 -145322
4245 0
4246 0
4247 0
4248 0
4249 0
4250 0
4251 0
4252 0
4253 0
4254 0
4255 -371077
4256 0
4257 0
4258 0
4259 0
4260 0
4261 -42671
4262 0
4263 0
4264 0
4265 67619
4266 39069
4267 36162
4268 0
4269 0
4270 0
4271 0
4272 0
4273 0
4274 0
4275 0
4276 -131669
4277 0
4278 0
4279 0
4280 0
4281 0
4282 0
4283 -78773
4284 0
4285 0
4286 0
4287 0
4288 -71448
4289 0
4290 0
4291 0
4292 0
4293 0
4294 0
4295 0
4296 0
4297 0
4298 0
4299 0
4300 0
4301 29077
4302 0
4303 0
4304 0
4305 0
4306 0
4307 0
4308 0
4309 0
4310 -6341
4311 -278979
4312 -36180
4313 0
4314 10912
4315 0
4316 0
4317 0
4318 0
4319 0
4320 0
4321 -67708
4322 -10912
4323 0
4324 60034
4325 -35861
4326 0
4327 0
4328 0
4329 -339462
4330 0
4331 0
4332 35861
4333 0
4334 0
4335 0
4336 0
4337 0
4338 0
4339 -277479
4340 0
4341 0
4342 0
4343 0
4344 0
4345 0
4346 0
4347 0
4348 0
4349 0
4350 0
4351 -213441
4352 -26278
4353 0
4354 0
4355 0
4356 0
4357 -77275
4358 0
4359 0
4360 -28190
4361 0
4362 0
4363 0
4364 0
4365 0
4366 0
4367 0
4368 0
4369 0
4370 0
4371 0
4372 -195157
4373 -60565
4374 117503
4375 0
4376 449
4377 0
4378 0
4379 63755
4380 0
4381 0
4382 0
4383 0
4384 0
4385 0
4386 0
4387 0
4388 0
4389 0
4390 0
4391 0
4392 46398
4393 -79939
4394 0
4395 0
4396 0
4397 0
4398 12744
4399 0
4400 0
4401 0
4402 -124187
4403 74415
4404 0
4405 0
4406 0
4407 0
4408 0
4409 0
4410 0
4411 0
4412 0
4413 0
4414 0
4415 0
4416 0
4417 22283
4418 0
4419 0
4420 0
4421 0
4422 0
4423 -12744
4424 0
4425 0
4426 0
4427 0
4428 0
4429 0
4430 0
4431 -79825
4432 0
4433 69516
4434 -69516
4435 0
4436 123663
4437 79498
4438 0
4439 0
4440 -64757
4441 0
4442 0
4443 0
4444 0
4445 0
4446 0
4447 0
4448 0
4449 0
4450 0
4451 71928
4452 0
4453 5145
4454 0
4455 0
4456 0
4457 4371
4458 0
4459 0
4460 -94321
4461 0
4462 0
4463 0
4464 0
4465 0
4466 60751
4467 0
4468 -1556
4469 0
4470 0
4471 0
4472 -71392
4473 0
4474 0
4475 54181
4476 0
4477 0
4478 0
4479 198971
4480 -21793
4481 -57172
4482 0
4483 0
4484 0
4485 0
4486 0
4487 0
4488 0
4489 53734
4490 0
4491 119645
4492 0
4493 0
4494 0
4495 0
4496 -67619
4497 0
4498 0
4499 0
4500 0
4501 0
4502 0
4503 0
4504 0
4505 0
4506 0
4507 0
4508 0
4509 0
4510 0
4511 0
4512 0
4513 0
4514 90584
4515 0
4516 101115
4517 -209087
4518 0
4519 -123663
4520 0
4521 0
4522 -116854
4523 0
4524 0
4525 0
4526 0
4527 0
4528 77183
4529 -63117
4530 -44466
4531 47046
4532 63212
4533 0
4534 0
4535 59625
4536 0
4537 0
4538 0
4539 0
4540 0
4541 0
4542 31941
4543 0
4544 -19024
4545 0
4546 69505
4547 0
4548 0
4549 0
4550 53637
4551 0
4552 0
4553 36262
4554 0
4555 -38538
4556 0
4557 0
4558 0
4559 13504
4560 -49304
4561 -24546
4562 -217344
4563 73064
4564 95924
4565 0
4566 0
4567 0
4568 0
4569 39816
4570 0
4571 0
4572 0
4573 -541401
4574 -11145
4575 -234809
4576 72990
4577 0
4578 23124
4579 0
4580 38345
4581 0
4582 0
4583 37015
4584 0
4585 0
4586 0
4587 0
4588 0
4589 0
4590 -115573
4591 0
4592 0
4593 0
4594 0
4595 0
4596 0
4597 45507
4598 0
4599 0
4600 0
4601 0
4602 72516
4603 0
4604 0
4605 0
4606 0
4607 0
4608 -31113
4609 10117
4610 0
4611 0
4612 0
4613 0
4614 103441
4615 0
4616 0
4617 0
4618 0
4619 0
4620 0
4621 0
4622 51969
4623 0
4624 0
4625 0
4626 0
4627 0
4628 0
4629 0
4630 0
4631 0
4632 0
4633 52191
4634 0
4635 0
4636 0
4637 -260
4638 0
4639 0
4640 0
4641 0
4642 0
4643 0
4644 0
4645 0
4646 0
4647 0
4648 0
4649 0
4650 0
4651 88332
4652 0
4653 0
4654 0
4655 0
4656 0
4657 0
4658 0
4659 0
4660 0
4661 -54354
4662 0
4663 0
4664 0
4665 0
4666 0
4667 0
4668 72244
4669 72702
4670 0
4671 0
4672 0
4673 0
4674 73256
4675 38024
4676 -37531
4677 -183461
4678 0
4679 0
4680 0
4681 0
4682 0
4683 0
4684 0
4685 0
4686 0
4687 0
4688 0
4689 -86083
4690 0
4691 -201625
4692 0
4693 0
4694 0
4695 0
4696 0
4697 -145110
4698 0
4699 0
4700 27507
4701 0
4702 -384655
4703 204139
4704 -16043
4705 130898
4706 0
4707 0
4708 0
4709 0
4710 0
4711 -70412
4712 0
4713 11103
4714 0
4715 -28083
4716 0
4717 0
4718 0
4719 0
4720 -56122
4721 0
4722 0
4723 0
4724 0
4725 21926
4726 0
4727 0
4728 0
4729 0
4730 0
4731 0
4732 0
4733 0
4734 0
4735 0
4736 0
4737 0
4738 0
4739 0
4740 0
4741 0
4742 0
4743 0
4744 0
4745 0
4746 0
4747 0
4748 0
4749 0
4750 0
4751 0
4752 0
4753 0
4754 0
4755 0
4756 -146075
4757 0
4758 -171241
4759 0
4760 0
4761 108679
4762 279574
4763 0
4764 0
4765 0
4766 0
4767 0
4768 0
4769 17703
4770 -93583
4771 -93583
4772 -169064
4773 -45344
4774 0
4775 0
4776 0
4777 0
4778 0
4779 0
4780 0
4781 0
4782 -71196
4783 0
4784 71196
4785 0
4786 0
4787 130238
4788 -34522
4789 -117347
4790 -155326
4791 -119386
4792 0
4793 0
4794 0
4795 0
4796 0
4797 33878
4798 0
4799 0
4800 0
4801 0
4802 0
4803 0
4804 0
4805 0
4806 0
4807 0
4808 0
4809 -10117
4810 0
4811 0
4812 0
4813 0
4814 0
4815 100597
4816 0
4817 0
4818 -57626
4819 -98187
4820 0
4821 0
4822 0
4823 0
4824 0
4825 0
4826 0
4827 0
4828 0
4829 0
4830 0
4831 83800
4832 0
4833 2160
4834 0
4835 0
4836 183463
4837 0
4838 0
4839 0
4840 -139818
4841 -156589
4842 0
4843 0
4844 0
4845 0
4846 0
4847 105860
4848 0
4849 0
4850 156589
4851 70860
4852 0
4853 0
4854 0
4855 -41562
4856 0
4857 0
4858 0
4859 0
4860 -56657
4861 0
4862 -256360
4863 0
4864 0
4865 71392
4866 -4371
4867 -117503
4868 0
4869 -160109
4870 0
4871 0
4872 94321
4873 -102602
4874 0
4875 -158901
4876 0
4877 0
4878 0
4879 -149581
4880 -78621
4881 0
4882 0
4883 -60751
4884 0
4885 45572
4886 -74422
4887 0
4888 70296
4889 0
4890 -114996
4891 0
4892 0
4893 0
4894 0
4895 0
4896 0
4897 0
4898 0
4899 0
4900 0
4901 0
4902 0
4903 0
4904 0
4905 0
4906 0
4907 0
4908 0
4909 0
4910 0
4911 0
4912 0
4913 0
4914 -58972
4915 0
4916 -33750
4917 0
4918 0
4919 -63755
4920 58613
4921 6247
4922 -329948
4923 -16123
4924 -55542
4925 44470
4926 0
4927 0
4928 -45507
4929 0
4930 0
4931 -7212
4932 0
4933 0
4934 16283
4935 0
4936 0
4937 -60034
4938 0
4939 8994
4940 0
4941 -19024
4942 -89841
4943 0
4944 0
4945 96703
4946 -96703
4947 78711
4948 0
4949 -45633
4950 -41609
4951 0
4952 -48843
4953 16679
4954 0
4955 0
4956 0
4957 -98139
4958 0
4959 43612
4960 -36568
4961 0
4962 3328
4963 0
4964 0
4965 0
4966 0
4967 102526
4968 0
4969 0
4970 115599
4971 -36010
4972 0
4973 -102526
4974 0
4975 -177127
4976 83634
4977 -114906
4978 0
4979 173588
4980 0
4981 0
4982 -21107
4983 0
4984 0
4985 0
4986 0
4987 -51579
4988 -37698
4989 0
4990 0
4991 0
4992 0
4993 -70296
4994 -39201
4995 -119645
4996 0
4997 0
4998 0
4999 38727
5000 0
5001 44836
5002 0
5003 -218435
5004 112443
5005 0
5006 0
5007 -83458
5008 -74292
5009 152790
5010 -210289
5011 0
5012 48563
5013 0
5014 0
5015 0
5016 77975
5017 0
5018 -104613
5019 0
5020 0
5021 0
5022 -29077
5023 0
5024 0
5025 0
5026 0
5027 0
5028 0
5029 0
5030 0
5031 -231811
5032 0
5033 0
5034 0
5035 0
5036 0
5037 98808
5038 0
5039 0
5040 139818
5041 0
5042 0
5043 0
5044 -98808
5045 -108804
5046 0
5047 -114018
5048 0
5049 0
5050 0
5051 -18330
5052 -88128
5053 0
5054 0
5055 0
5056 56657
5057 0
5058 0
5059 81759
5060 -171081
5061 0
5062 0
5063 0
5064 0
5065 0
5066 0
5067 0
5068 12813
5069 0
5070 0
5071 0
5072 0
5073 0
5074 0
5075 0
5076 0
5077 0
5078 0
5079 0
5080 0
5081 65946
5082 0
5083 0
5084 0
5085 -99177
5086 0
5087 0
5088 -183463
5089 -100371
5090 42129
5091 -157927
5092 -292458
5093 0
5094 -34049
5095 178178
5096 -21926
5097 0
5098 13575
5099 0
5100 0
5101 0
5102 -37054
5103 0
5104 0
5105 0
5106 0
5107 0
5108 0
5109 0
5110 0
5111 0
5112 0
5113 75280
5114 0
5115 0
5116 0
5117 -153036
5118 0
5119 0
5120 0
5121 0
5122 0
5123 0
5124 0
5125 0
5126 0
5127 0
5128 0
5129 0
5130 0
5131 0
5132 0
5133 0
5134 113888
5135 0
5136 0
5137 0
5138 0
5139 26428
5140 0
5141 -144809
5142 0
5143 0
5144 0
5145 -34595
5146 -53092
5147 0
5148 0
5149 -165661
5150 0
5151 21793
5152 87896
5153 0
5154 0
5155 0
5156 0
5157 0
5158 0
5159 53092
5160 0
5161 0
5162 28053
5163 0
5164 0
5165 0
5166 0
5167 0
5168 0
5169 -340463
5170 -14095
5171 18518
5172 0
5173 0
5174 0
5175 -100936
5176 -186650
5177 0
5178 0
5179 -80820
5180 0
5181 57626
5182 0
5183 0
5184 -73256
5185 87483
5186 0
5187 -18514
5188 -29711
5189 -10129
5190 0
5191 -58957
5192 -133079
5193 58957
5194 90018
5195 80742
5196 53760
5197 -18595
5198 0
5199 35030
5200 5220
5201 0
5202 0
5203 0
5204 0
5205 0
5206 0
5207 -10249
5208 7036
5209 0
5210 0
5211 0
5212 0
5213 0
5214 0
5215 0
5216 0
5217 18514
5218 0
5219 -87483
5220 0
5221 0
5222 -137349
5223 0
5224 0
5225 -103521
5226 -103521
5227 -103521
5228 -48563
5229 -7044
5230 0
5231 21101
5232 0
5233 4461
5234 0
5235 -28281
5236 -32270
5237 0
5238 0
5239 -40378
5240 0
5241 0
5242 0
5243 -13370
5244 0
5245 0
5246 0
5247 0
5248 0
5249 0
5250 0
5251 37738
5252 0
5253 0
5254 0
5255 0
5256 0
5257 0
5258 0
5259 -136098
5260 0
5261 0
5262 0
5263 0
5264 -99759
5265 -25380
5266 0
5267 0
5268 0
5269 0
5270 0
5271 -312742
5272 -39209
5273 0
5274 0
5275 0
5276 0
5277 -193498
5278 0
5279 0
5280 -99493
5281 0
5282 0
5283 62845
5284 0
5285 -128825
5286 0
5287 0
5288 0
5289 -131839
5290 0
5291 0
5292 0
5293 -112475
5294 -51955
5295 0
5296 38102
5297 -217202
5298 0
5299 33033
5300 37730
5301 0
5302 0
5303 0
5304 0
5305 77021
5306 155326
5307 52003
5308 -116464
5309 0
5310 0
5311 -76078
5312 0
5313 0
5314 0
5315 0
5316 -6292
5317 85253
5318 0
5319 28951
5320 0
5321 0
5322 0
5323 0
5324 -30464
5325 53008
5326 205075
5327 0
5328 13754
5329 0
5330 0
5331 0
5332 0
5333 0
5334 -100409
5335 -130371
5336 0
5337 0
5338 61362
5339 83177
5340 0
5341 78773
5342 0
5343 0
5344 0
5345 0
5346 0
5347 61253
5348 73737
5349 0
5350 0
5351 -61253
5352 -108679
5353 0
5354 0
5355 0
5356 0
5357 111
5358 0
5359 0
5360 -238806
5361 0
5362 0
5363 -191119
5364 -107518
5365 -101119
5366 21123
5367 0
5368 0
5369 0
5370 0
5371 47257
5372 0
5373 -8782
5374 8782
5375 0
5376 0
5377 0
5378 0
5379 -59713
5380 31113
5381 0
5382 0
5383 -204139
5384 -15054
5385 71448
5386 0
5387 0
5388 0
5389 -7660
5390 0
5391 -158537
5392 0
5393 0
5394 0
5395 0
5396 0
5397 0
5398 -138722
5399 28063
5400 -16784
5401 -159449
5402 25389
5403 -198320
5404 0
5405 -44956
5406 -119922
5407 -119922
5408 -21054
5409 -38727
5410 10102
5411 -128453
5412 158492
5413 -43966
5414 0
5415 -218251
5416 0
5417 -83036
5418 -33117
5419 -121982
5420 15028
5421 26659
5422 132343
5423 0
5424 -577488
5425 0
5426 0
5427 0
5428 -7710
5429 0
5430 -209618
5431 -106273
5432 -8662
5433 28099
5434 0
5435 0
5436 0
5437 -65608
5438 0
5439 0
5440 0
5441 20315
5442 -63339
5443 -43624
5444 0
5445 0
5446 0
5447 0
5448 38835
5449 -155497
5450 0
5451 0
5452 0
5453 0
5454 0
5455 -318238
5456 -117058
5457 -34613
5458 8483
5459 -231088
5460 -65843
5461 0
5462 -95527
5463 -68518
5464 -51969
5465 183
5466 59721
5467 -112443
5468 0
5469 -23762
5470 42141
5471 39209
5472 0
5473 0
5474 33750
5475 0
5476 0
5477 1930
5478 1930
5479 -11283
5480 -110707
5481 0
5482 -47794
5483 0
5484 0
5485 -37783
5486 -30263
5487 0
5488 -20874
5489 58488
5490 -83341
5491 0
5492 0
5493 0
5494 -109640
5495 0
5496 0
5497 0
5498 -84541
5499 0
5500 0
5501 0
5502 0
5503 0
5504 0
5505 0
5506 37299
5507 0
5508 0
5509 0
5510 0
5511 46660
5512 -37299
5513 80851
5514 0
5515 0
5516 -169865
5517 0
5518 0
5519 0
5520 -16472
5521 33250
5522 -77183
5523 0
5524 0
5525 0
5526 -3015
5527 -279013
5528 0
5529 0
5530 -69217
5531 0
5532 0
5533 0
5534 0
5535 0
5536 0
5537 0
5538 30351
5539 0
5540 0
5541 0
5542 0
5543 0
5544 58430
5545 58430
5546 114018
5547 0
5548 0
5549 0
5550 0
5551 0
5552 0
5553 0
5554 0
5555 0
5556 0
5557 0
5558 0
5559 0
5560 0
5561 0
5562 0
5563 0
5564 0
5565 -32886
5566 32886
5567 -73737
5568 -255871
5569 -75280
5570 0
5571 0
5572 0
5573 0
5574 0
5575 0
5576 0
5577 56442
5578 0
5579 8221
5580 59662
5581 0
5582 -46660
5583 -31941
5584 71670
5585 -2954
5586 19579
5587 0
5588 0
5589 0
5590 0
5591 0
5592 0
5593 0
5594 -31635
5595 -417264
5596 -213467
5597 -23402
5598 -161586
5599 -51435
5600 -241321
5601 -36711
5602 -449280
5603 0
5604 -296266
5605 -73212
5606 -205991
5607 -141361
5608 -153846
5609 0
5610 -55613
5611 -4604
5612 0
5613 0
5614 0
5615 32654
5616 0
5617 0
5618 0
5619 0
5620 -130130
5621 -56438
5622 -39188
5623 0
5624 0
5625 -74415
5626 -55599
5627 0
5628 55599
5629 -4380
5630 -77549
5631 0
5632 0
5633 0
5634 -28136
5635 0
5636 -22283
5637 36711
5638 -43056
5639 0
5640 0
5641 -233048
5642 -107744
5643 -205075
5644 -173588
5645 0
5646 0
5647 -39102
5648 -154106
5649 -126067
5650 13370
5651 0
5652 0
5653 0
5654 0
5655 0
5656 0
5657 0
5658 0
5659 0
5660 0
5661 0
5662 0
5663 0
5664 0
5665 0
5666 0
5667 0
5668 0
5669 -231384
5670 41083
5671 50432
5672 20639
5673 0
5674 0
5675 -202421
5676 0
5677 -94799
5678 -347716
5679 0
5680 -106318
5681 -150780
5682 0
5683 0
5684 15609
5685 0
5686 0
5687 0
5688 0
5689 -42091
5690 -40780
5691 0
5692 0
5693 0
5694 0
5695 -38024
5696 -50322
5697 50322
5698 0
5699 -46076
5700 -151982
5701 0
5702 0
5703 0
5704 0
5705 0
5706 -119250
5707 0
5708 -209650
5709 -45740
5710 -56851
5711 0
5712 0
5713 -449
5714 -49390
5715 -6816
5716 22250
5717 -96917
5718 -96917
5719 -96917
5720 -47046
5721 104613
5722 -35051
5723 -53734
5724 -98010
5725 -464909
5726 11283
5727 28160
5728 52659
5729 -88332
5730 0
5731 0
5732 0
5733 -64362
5734 40378
5735 -48239
5736 0
5737 0
5738 -115599
5739 0
5740 0
5741 0
5742 0
5743 -406327
5744 145110
5745 0
5746 0
5747 0
5748 0
5749 0
5750 0
5751 0
5752 -74966
5753 0
5754 0
5755 -108993
5756 0
5757 0
5758 -148319
5759 0
5760 0
5761 -51695
5762 -378592
5763 0
5764 -210065
5765 -174988
5766 -50794
5767 -121366
5768 -33345
5769 -324239
5770 -17026
5771 -165952
5772 51246
5773 -63278
5774 -91374
5775 0
5776 -204355
5777 51222
5778 -24725
5779 -212924
5780 -346
5781 -105889
5782 0
5783 98187
5784 0
5785 17036
5786 -16679
5787 -45585
5788 -2898
5789 -233938
5790 42494
5791 0
5792 0
5793 0
5794 -78711
5795 19171
5796 -98980
5797 -77780
5798 31000
5799 -37015
5800 -63482
5801 0
5802 0
5803 -22514
5804 0
5805 0
5806 -75772
5807 -58598
5808 -37730
5809 -69007
5810 -187935
5811 -80742
5812 50331
5813 0
5814 0
5815 -285160
5816 0
5817 -138101
5818 0
5819 -176786
5820 -119735
5821 -134095
5822 -44840
5823 -15609
5824 0
5825 49884
5826 -2733
5827 -6137
5828 45414
5829 45414
5830 45414
5831 -28063
5832 49875
5833 -19194
5834 80465
5835 0
5836 0
5837 -25767
5838 -85253
5839 0
5840 -72244
5841 0
5842 0
5843 -269172
5844 0
5845 0
5846 0
5847 0
5848 -70298
5849 16472
5850 -57827
5851 0
5852 0
5853 -197461
5854 0
5855 38297
5856 -44063
5857 -69897
5858 0
5859 -30351
5860 2081
5861 97659
5862 -97659
5863 0
5864 0
5865 -223802
5866 -103441
5867 -69505
5868 -279574
5869 -286171
5870 -74878
5871 0
5872 16123
5873 0
5874 -58613
5875 30148
5876 -77590
5877 0
5878 0
5879 0
5880 0
5881 0
5882 0
5883 0
5884 0
5885 0
5886 15063
5887 -381633
5888 19726
5889 -134216
5890 -134216
5891 -95716
5892 -182906
5893 0
5894 -17851
5895 -178178
5896 235389
5897 47724
5898 42743
5899 -545041
5900 -238390
5901 -52191
5902 0
5903 43890
5904 0
5905 -53637
5906 0
5907 0
5908 -62617
5909 -5417
5910 -127146
5911 0
5912 0
5913 -81759
5914 -28951
5915 -116019
5916 0
5917 0
5918 0
5919 -471744
5920 -169351
5921 0
5922 0
5923 -7279
5924 0
5925 0
5926 -133918
5927 -113888
5928 0
5929 -320129
5930 -157923
5931 -129508
5932 0
5933 -33424
5934 0
5935 0
5936 0
5937 44787
5938 32392
5939 0
5940 -123481
5941 0
5942 -171505
5943 0
5944 0
5945 -132441
5946 43056
5947 0
5948 0
5949 -16273
5950 0
5951 0
5952 0
5953 0
5954 0
5955 44016
5956 14636
5957 -283102
5958 -6609
5959 86416
5960 -137677
5961 -492363
5962 -26550
5963 -130898
5964 0
5965 0
5966 0
5967 -2869
5968 -214294
5969 0
5970 0
5971 0
5972 -52285
5973 0
5974 -241216
5975 0
5976 0
5977 -595845
5978 -31659
5979 -165501
5980 9162
5981 -70404
5982 -65838
