0
0
0
0
0
3
0
0
0
0
-63
4
0
-3
114
0
-85
0
-6
27
0
0
0
0
0
0
0
234
0
-40
0
0
0
0
0
0
0
0
0
0
0
0
0
-27
0
0
0
4
0
0
0
0
0
0
0
0
29
0
0
0
0
4
-17
-12
-23
-8
0
0
0
20
0
0
0
0
0
0
0
48
0
6
7
0
-19
0
0
0
-8
-10
0
0
0
40
-20
0
0
0
0
0
99
0
0
0
0
0
-2
0
0
0
83
0
44
0
0
0
0
0
0
7
0
0
0
12
0
-7
-50
22
5
0
0
0
0
0
0
0
42
0
-10
-4
-30
0
0
0
0
0
71
16
0
4
0
0
0
0
-18
0
0
2
0
1
3
123
0
20
0
0
0
0
0
0
-7
0
-86
0
-12
17
0
0
0
-3
2
-96
-74
0
0
1
-29
0
0
0
8
0
0
9
0
0
0
0
0
-15
26
0
0
-5
0
0
0
21
0
28
0
-71
0
0
0
0
0
0
0
0
0
-35
11
0
0
-50
0
0
0
0
0
0
0
0
0
4
0
-5
0
0
0
-42
0
0
0
0
0
0
-17
4
0
0
0
-14
0
-6
-860
3
0
0
0
0
-11
0
0
0
-22
0
0
0
0
0
0
-15
28
0
-20
0
0
0
0
0
48
0
0
0
0
0
-15
-14
0
0
0
-17
0
0
69
-4
0
-78
0
0
0
20
0
0
0
0
0
0
0
0
0
0
0
-224
0
2
0
0
0
0
0
0
0
0
0
0
0
-14
0
0
0
0
0
-16
0
0
44
0
0
0
0
9
0
0
0
0
-134
0
0
0
0
0
0
292
0
0
0
67
0
0
0
-23
0
0
7
0
13
0
-1
1
-15
0
0
0
0
0
0
0
-15
0
0
0
0
0
0
0
0
0
0
0
0
0
-20
2
-7
0
-30
-17
0
0
0
0
-215
0
0
0
0
2
0
0
0
33
0
0
0
0
-8
0
17
0
0
50
0
-9
0
0
0
0
0
0
0
0
0
0
0
0
0
0
0
-45
15
20
0
61
0
0
3057
-2
-36
-10
0
0
0
0
0
-24
0
12
0
0
0
-4
-73
0
0
0
0
12
0
2
0
0
0
1
-2
0
0
0
0
-19
-6
0
0
0
0
0
0
0
0
0
0
4
0
-24
28
0
0
0
0
-7
63
0
0
0
4
0
0
3
0
-26
0
0
-36
0
-47
13
-13
-10
0
7
-250
0
21
0
0
0
0
0
-30
0
-1
0
0
-25
-2
0
0
0
0
0
0
0
15
0
0
79
0
0
0
-19
-14
0
0
-4
0
0
0
-12
0
-47
0
0
0
0
0
11
0
0
0
0
0
0
0
0
0
0
0
0
0
0
0
-1
0
0
0
21
-38
0
0
98
11
0
0
0
0
0
0
0
0
0
0
-35
0
0
0
0
0
0
0
0
18
0
0
0
-11
31
0
-25
0
0
0
0
0
42
0
-7
8
0
0
0
0
0
0
0
0
46
0
19
4
0
0
99
0
0
0
0
0
0
0
0
0
-9
-160
0
17
0
0
0
0
0
0
0
0
0
0
5
0
-2
16
0
0
0
4
0
0
0
-7
0
0
0
8
0
0
0
0
0
0
0
0
0
0
0
0
5
0
-12
0
0
-15
5
-34
0
0
0
96
0
0
0
0
0
0
1
11
-20
0
0
0
0
0
0
85
10
0
0
0
-29
0
0
0
0
-51
0
0
0
0
0
-14
10
0
2
0
0
4
0
0
2
0
0
0
0
0
0
0
0
0
0
0
0
12
32
0
0
0
0
-11
0
0
0
0
0
6
71
-14
0
0
0
20
0
1
0
0
17
0
51
0
0
0
0
3
0
0
-2
0
0
-1
0
0
8
-650
-14
0
0
0
0
0
0
114
-44
0
0
0
0
0
0
0
0
-5
14
19
0
0
0
0
60
0
0
0
0
0
7
0
0
-52
16
0
0
-26
-286
0
-14439
0
2
0
-5
0
16
0
0
0
0
0
0
0
0
0
0
-15
0
-6
0
0
0
0
7
-1
0
2
17
0
0
-16
0
-3
-7
0
0
0
0
0
0
0
0
0
0
0
0
-61
0
0
0
2
0
9
0
0
-20
-4
0
0
0
0
0
0
-22
0
0
-6
0
0
1
0
0
0
0
0
0
0
0
0
0
0
0
0
-23
0
0
0
0
-1
0
0
2
0
0
0
0
0
0
0
0
0
0
-11
0
0
0
5
0
0
31
0
10
0
-37
-4
0
0
0
30
0
22
18
0
0
0
0
0
-8
10
0
0
0
1
4
-76
0
0
0
0
0
0
0
0
-6
0
0
-17
0
35
0
0
0
0
0
-2
0
0
0
-7
0
0
0
0
0
0
0
0
-4
0
0
-234
0
0
0
10
0
-13
24
0
13
0
0
0
4
0
0
0
0
0
-445
0
0
0
0
-1356
4
0
0
0
0
174
0
0
0
0
0
23
0
0
0
28
0
0
0
0
0
0
0
0
0
0
5
0
0
-41
41
0
0
10
0
-30
-108
-1
0
12
0
0
0
0
0
0
0
0
-1815
0
0
0
2
0
0
10
0
0
0
0
0
0
0
0
0
0
0
0
0
0
18
0
-1
0
6
0
0
2
0
0
0
0
46
0
0
0
0
0
0
2
0
0
0
0
10
0
-6839
0
3
0
0
0
0
0
0
0
0
0
0
0
18
0
0
-52
0
0
0
18
0
94
0
0
0
0
4
19
-40
0
0
6
-37
0
0
0
119
24
0
0
0
0
0
0
0
0
0
4
0
0
0
0
0
0
0
0
0
0
0
0
0
0
0
0
0
0
10
-24
0
-39
0
0
0
4
0
0
0
0
0
0
0
0
0
0
0
0
0
0
0
0
0
0
17
0
0
0
0
-10
-1
-43
0
12
0
0
0
-119
0
0
0
15
0
0
23
-16
0
0
0
0
0
0
0
0
0
0
0
19
-36
0
0
3
0
-65
0
0
0
0
0
0
0
0
0
0
0
0
-3
0
0
0
0
0
0
659
0
0
0
0
0
0
0
-5
-2
23
3
-4
0
-14
0
0
0
0
0
0
0
0
0
0
0
0
0
36
-149
0
0
18
0
0
-11
0
-9
0
0
0
38
0
0
0
0
0
0
0
-2
0
12
0
0
0
-35
0
0
0
0
0
0
-16
0
-26
0
-7
-24
0
-1
3
0
0
0
0
0
0
0
0
6
0
0
13
0
0
0
0
0
-10
0
0
0
0
-31
0
64
0
8
0
0
0
0
0
0
0
0
0
0
-17
0
0
0
0
0
0
0
39
0
0
0
0
-8
0
0
0
0
0
0
-11
0
-1
0
-7
84
0
0
3
0
-71
0
0
0
1
0
0
4
3
0
-40
-1
0
0
44
9
0
0
0
0
0
2
-10
-38
4
0
8
0
-1
0
0
0
0
0
0
0
1278
0
0
0
-27
1
-2
0
0
0
0
0
1
442
22
0
0
-21
0
0
0
0
0
0
0
0
0
0
0
-12
0
0
-40
0
-20
0
0
0
0
0
-114
0
0
-13
0
0
0
-1
0
0
0
-10
0
0
0
0
0
15
-6
0
-14
10
0
0
0
3
0
-2
0
-19
-2
0
0
0
0
0
0
0
0
0
0
0
0
0
0
23
3
-7
0
0
4
0
0
0
4
0
0
0
0
0
0
0
0
0
0
-19
0
2
0
28
0
-15
16
0
0
0
0
0
0
0
42
0
0
0
34
6
0
0
0
0
0
0
-7
0
20
-14
0
0
0
0
0
0
0
0
0
0
0
0
0
14
0
0
-55
0
0
0
0
0
0
3
0
47
0
0
0
0
-23
0
0
0
0
0
0
2
0
0
0
4
0
0
0
0
-23
0
0
42
0
0
0
0
0
11
0
-1013
0
10
0
0
0
0
0
80
0
0
0
0
0
0
0
0
0
0
0
0
0
-34
0
0
0
0
4
0
0
0
0
-7
3
0
0
0
43
0
0
0
0
0
0
0
0
0
0
0
0
0
0
0
0
-17
18
0
0
0
0
0
52
0
0
0
0
0
0
0
0
0
0
0
-94
0
0
0
0
0
0
0
0
0
0
0
0
0
0
19
0
0
0
0
0
-13
19
0
15
-2
0
0
0
0
4
0
0
0
0
0
0
0
0
0
0
0
0
0
0
29
0
0
0
0
0
0
0
0
0
0
0
369
0
0
0
0
0
0
0
0
0
0
0
0
262
0
4
0
0
-83
0
0
0
0
0
0
0
-12
5
0
0
0
-6
0
-11
72
-57
0
0
0
0
0
0
-31
0
-13
-28
2
0
-22
0
0
-12
13
0
0
0
0
0
0
0
0
0
0
69
0
0
1
-2
0
0
0
0
0
0
0
59
0
0
0
39
0
0
0
0
0
-35
0
0
10
0
0
-6
7
0
0
0
0
0
0
-38
0
0
0
0
0
12
0
0
0
0
20
0
0
0
0
8
0
0
0
0
0
0
-7
-33
0
0
0
0
0
0
37
0
0
0
0
151
0
0
23
0
0
0
0
84
0
0
0
0
0
0
0
0
0
0
0
16
1
0
0
0
0
3
0
0
-13
0
0
9
0
22
0
0
0
0
-3
0
48
0
0
0
0
2
0
0
0
0
0
0
0
-20
0
0
0
1
-1
0
0
0
0
0
0
160
0
0
0
0
0
0
-3
0
0
0
-3
11
0
0
-10
0
-2
0
0
0
0
0
15
0
-1
0
0
0
3
0
0
0
0
0
0
0
7
0
0
-27
0
0
0
0
-101
0
0
0
0
0
66
0
0
0
0
12
0
0
0
0
0
0
0
0
0
0
0
2
-16
0
0
0
0
0
0
0
0
0
-13
0
30
0
0
0
0
0
0
-10
0
0
0
0
0
0
0
0
0
1
-13
0
0
7
0
0
0
-3
7
0
0
0
0
0
0
0
0
0
0
11
0
0
0
0
1
21
0
-47
60
4
0
0
0
0
138
0
0
13
0
0
-2
54
0
0
0
0
0
27
0
0
0
0
0
0
-17
0
0
0
14
0
0
0
0
0
0
0
0
0
28
0
0
0
-40
0
0
-18
0
0
0
0
0
0
0
-9
-8
0
0
0
0
0
0
0
0
0
0
-4
0
0
0
0
41
-10
0
0
0
0
-30
0
-3
0
0
0
0
0
0
0
-82
0
-24
0
20
0
0
0
-1
0
0
0
0
0
0
-6
0
0
4
0
4
0
0
0
-9
-80
0
39
0
0
57
-5
6
0
0
7
0
-34
0
0
0
0
0
24
-2702
0
0
0
0
0
0
0
0
1
0
0
0
0
0
0
0
0
0
0
0
0
0
0
-10
-2
0
0
0
0
0
0
-14
31
0
0
9
0
-7
4
0
-50
0
-115
5
0
0
0
14
0
0
0
0
21
0
-14
0
0
39
0
-11
0
0
0
2
0
0
19
0
0
17
9
0
0
0
0
18
0
0
0
0
0
38
0
0
5
0
0
0
0
-10
0
0
0
0
0
14
0
1
0
0
0
-5
0
0
0
0
0
0
0
-41
0
-17
-29
0
0
0
0
0
0
0
0
0
0
0
-217
-23
18
0
2
0
0
0
0
0
-17
0
0
0
0
0
0
-23
0
0
0
0
-32
0
0
0
0
0
0
0
0
0
-15
0
0
0
0
0
5
0
0
0
0
-39
24
0
0
0
0
0
0
0
0
0
0
0
0
0
36
-2
3
7
0
-7
0
0
0
-52
0
0
-32
110
6
0
0
0
15
4
-10
-50
0
0
0
-1
0
3
0
0
-73
49
10
0
0
4
0
0
0
50
12
8
0
0
0
0
13
0
0
0
37
0
0
0
-8
0
0
0
3
0
0
0
0
0
-125
-6
0
0
-36
-20
-46
-10
0
131
0
23
0
-50
0
0
0
0
0
0
0
-9
25
0
0
0
0
0
0
15
0
4
0
-18
0
0
0
0
0
0
0
-14
0
2
0
0
0
0
0
0
23
10
1
0
0
0
0
0
0
0
0
0
0
1
0
12
16
0
0
13
0
-65
0
0
0
0
0
4
0
0
0
0
0
0
-5
0
0
0
0
0
61
0
0
11
41
0
16
0
0
13
2
0
0
0
0
0
0
0
0
0
0
0
3
1
0
-17
0
0
0
-20
0
-1935
0
0
0
0
0
0
0
0
0
0
0
7
0
0
0
-5
0
0
0
0
-7
0
0
2
0
0
-202
0
0
0
0
0
0
0
0
0
0
0
0
0
0
8
0
0
0
42
8
0
0
0
0
0
0
0
10
0
0
0
0
0
0
0
0
0
0
0
0
0
0
0
0
22
30
0
0
0
0
-17
0
0
0
0
0
0
0
-15
0
0
54
0
0
0
0
0
-36
0
0
-3
47
0
0
0
0
0
0
0
0
0
3
0
0
0
0
0
20
0
0
0
0
0
-21
0
0
0
-64
6
-51
0
0
0
0
0
-4
0
0
0
3
0
0
0
1
-22
0
0
0
0
0
0
0
-75
0
0
35
0
-9
0
4
0
0
0
0
0
-4
0
51
8
13
0
0
0
0
0
6
0
0
0
0
0
49
4
27
0
0
-6
0
15
0
0
0
0
0
0
0
0
0
0
0
1335
0
40
0
8
73
0
23
0
0
0
0
0
0
0
0
0
0
0
0
-23
-2
0
0
0
0
0
0
0
141
0
0
0
0
-10
0
0
0
0
0
18
3
0
0
0
0
10
0
0
0
0
0
0
0
0
23
0
0
0
-49
18
0
0
-6
0
0
-41
0
0
0
-11
0
0
0
0
0
-14
0
0
0
0
0
0
-32
0
0
-33
0
0
0
0
4
-95
0
0
0
0
0
0
0
0
-151
0
0
0
0
0
0
0
0
0
0
0
0
0
-4
0
0
0
0
-17
0
0
8
20
0
0
0
0
0
0
0
0
0
8
0
0
0
0
0
0
0
15
0
0
9
-4
0
0
8
18
0
0
0
0
0
0
-16
0
0
0
0
-35
-38
-8
-42
0
0
0
0
1
29
0
0
0
0
-4
0
0
0
0
-10
0
0
0
0
1041
4
-307
0
0
0
4
2396
4
-3
2
-2
0
0
0
0
0
-40
0
0
0
0
0
0
0
0
0
0
38
0
0
0
0
0
0
0
0
0
0
0
0
0
0
0
0
-13
0
0
0
40
0
0
0
0
0
0
183
0
2
20
-1295
0
0
0
0
0
0
-2
0
0
0
0
0
0
0
161
0
0
0
35
0
0
0
0
0
0
0
0
0
0
0
0
0
0
0
0
0
0
0
0
0
0
0
0
-4
-2
0
0
0
-7006
0
0
1
-25
0
0
0
0
0
0
0
-15
0
0
0
0
-19
4
0
217
0
0
0
0
13
0
0
-11
-10
0
0
0
0
0
0
0
0
0
0
0
0
-1
0
0
-71
0
0
0
-223
0
0
-13
0
0
0
0
0
-14
0
0
0
-41
-99
0
0
0
149
8
-65
1
0
-12
0
0
0
0
0
-72
0
0
0
-11
0
0
-19
0
0
0
0
0
0
0
-23
216
0
0
0
0
0
0
0
0
-9
0
-25
-16
0
0
0
6
0
0
-133
0
0
0
0
11
8
0
39
0
0
0
0
0
0
0
0
0
-22
0
2
0
0
-10
0
-19
-62
0
0
0
0
0
0
-14
0
-2
0
0
0
0
-261
0
0
0
-863
0
0
0
11
-20
0
0
0
0
0
0
0
10
0
0
0
0
0
7
0
48
-2
0
-91
0
0
0
0
0
-4
34
0
14
37
0
0
-22
8
-37
0
0
0
0
0
0
0
0
0
0
-27
0
0
0
0
-8
0
0
-1
0
0
0
-1
0
0
0
-10
0
0
0
0
0
0
0
0
0
0
0
0
0
0
-2
0
0
0
0
0
0
0
0
0
0
0
0
0
0
0
0
0
0
0
0
0
0
0
0
0
-49
0
0
0
3142
25
0
0
0
0
48
0
0
0
8
0
0
2
0
0
2
-161
-6
-23
0
0
1
0
-30
0
0
0
1406
0
-8
0
17
0
7
0
0
0
0
0
0
0
0
0
0
0
0
0
0
8
0
0
0
0
7
0
0
0
0
0
0
11
0
0
-13
0
0
0
16
0
0
20
0
16
-15
0
0
0
0
28
0
-27
16
0
7
0
0
0
0
0
0
0
0
0
0
0
7
0
11
-2
0
12
0
0
0
0
-8
0
0
0
0
1935
-13
0
0
0
0
0
-48
-2
0
0
0
0
0
0
0
0
0
0
0
0
0
0
0
0
0
8
0
-2
0
-1
4384
-16
0
0
-3
0
0
0
-573
0
0
0
0
104
0
0
7198
20
0
24
0
0
0
0
-35
-20
14
0
0
0
0
0
61
0
0
0
0
0
0
35
0
0
0
0
8
0
0
0
-5
0
0
0
0
0
1
0
0
-5
-8
0
0
0
0
0
34
-54
0
-53
-8
101
-42
-14
0
0
9
-4
0
-11
32
0
0
-41
46
-11
0
0
10
-2
0
0
2
0
0
-9
0
-7
0
0
0
0
-6
0
0
-30
0
0
0
0
0
-30
0
0
0
0
0
0
0
0
0
0
-1
0
-21
-1
-3
0
0
-48
0
0
0
0
-14
0
0
4
0
-26
-2
0
0
0
0
0
0
0
-39
0
0
0
0
0
-5
0
0
-18
0
0
0
0
0
2
0
0
0
0
0
0
0
0
0
0
9
0
0
-11
0
0
0
0
0
0
0
0
-90
-3
0
0
0
-14
0
0
0
-40
-32
-13
0
0
0
0
0
-6
0
0
38
0
0
0
0
0
-64
0
81
0
0
0
0
0
0
44
0
0
0
0
0
0
0
0
0
0
0
0
0
0
0
0
0
0
17
0
2
0
0
0
0
0
0
0
0
0
0
0
-8
0
0
0
0
0
0
0
0
0
0
0
0
0
0
0
-16
0
0
0
0
41
0
0
-6
0
0
-16
0
-40
0
0
0
0
0
0
0
0
0
0
0
0
0
5
0
0
0
0
11
0
0
0
0
0
0
-109
0
46
0
0
11
0
0
0
0
0
0
0
37
11
0
-16
-14
11
0
0
0
0
0
0
0
188
0
0
-105
12
34
0
0
0
4
3
3
0
0
0
0
-3
0
6
-2
0
0
0
0
1
42
27
-8
0
0
0
0
39
0
0
-40
0
0
6804
0
0
4
0
0
0
-44
0
0
0
0
0
0
0
0
0
0
0
-23
0
-124
0
71
2
0
0
0
0
-67
0
0
0
0
0
0
0
0
0
0
9
0
0
0
0
0
0
0
4
0
21442
0
0
31
0
0
0
0
0
0
0
0
0
-1
0
-11
0
0
0
0
-6
0
0
2
4
4
0
101
-4
3
0
36
0
0
-46
-3
6
0
0
0
0
0
11
0
0
0
0
0
-8
0
0
0
-17
0
0
0
0
0
0
0
1
-18
0
0
-2
0
-14
0
0
0
0
20
0
0
0
0
104
0
0
0
0
0
-24
0
17
0
0
0
0
-38
-12
0
0
0
0
0
0
19
0
0
0
0
0
0
0
0
0
20
0
31
0
0
0
0
0
0
0
0
0
0
0
0
0
0
0
0
0
0
0
0
0
0
0
0
0
1
0
0
0
0
44
0
-11
0
0
0
0
-18
0
0
0
-4
40
0
8
0
0
0
0
0
0
0
11
0
0
0
-6502
0
0
0
0
0
1
20
0
0
0
0
0
0
4
-1196
0
0
0
0
0
0
-22
45
0
22
12
0
-7
0
0
0
-9
-8
3
-61
34
-3
0
-2
0
0
8
0
0
0
0
8
29
0
0
-18
0
0
4
2
0
0
4
86
0
5
-28
-183
0
0
0
-5
0
0
0
0
-6
0
0
0
0
0
860
0
9
0
0
16
-10
0
31
0
0
-1
0
0
0
0
0
0
0
0
0
0
0
0
0
0
0
0
0
0
17
0
0
-50
0
0
4
0
0
0
0
29
0
0
0
-15
0
0
-18
-138
-16
0
0
0
30
0
0
0
0
-9
-30
0
0
0
0
0
0
0
4
0
0
-8
0
0
0
0
0
0
0
0
0
-10
0
0
0
-12
0
0
0
0
0
-63
-21
0
17
0
0
0
0
0
7
0
0
0
2
0
0
0
0
0
30
0
-11
0
0
8
-60
10
0
0
0
0
0
0
0
0
0
0
0
0
0
17
0
0
0
0
0
0
-8
0
0
0
0
0
0
0
0
-1
0
0
0
-39
0
0
0
0
-97
-104
0
-8
0
-64
0
0
0
0
0
0
-30
6
0
0
-3
0
0
27
0
0
-3
0
0
0
0
0
0
0
-29
-3
0
0
-2
-21
0
0
0
0
0
0
-31
0
0
0
0
0
0
0
0
0
0
-1
0
0
-28
0
0
-2
0
0
733
0
0
0
0
0
0
0
0
0
0
0
0
0
0
0
0
0
0
0
0
23
36
0
0
0
0
0
0
0
0
-60
-9
-18
0
0
-3057
0
0
0
0
0
0
0
0
0
38
0
-22
0
0
0
0
0
19
-16
0
-15
79
0
0
0
23
0
-44
44
0
308
0
0
0
0
0
-10
12
0
0
3
0
0
0
0
0
23
0
0
0
0
0
-4
0
0
0
-32
-21
0
-31
25
0
42
0
0
0
0
0
10
0
-6
0
0
0
0
-1
0
0
0
0
0
0
0
0
0
40
0
0
0
12
15
0
0
16
0
0
0
0
0
0
0
0
-23
-42
0
-22
0
0
0
0
13
0
-19
0
0
9
0
8
4
16
10
-112
8
4
11
24
0
-22
0
0
0
0
0
0
0
40
-23
0
-111
0
0
2769
0
0
-49
0
0
0
20
0
7
0
0
0
0
0
0
6
0
13
-29
0
0
0
0
0
0
0
0
0
0
6
0
0
0
0
0
38
0
-1
0
5
0
0
0
22
0
0
0
20
0
0
-2
0
0
0
101
0
0
0
0
-102
-16
0
0
0
0
0
0
0
0
0
0
-31
-86
-37
-72
37
2
0
0
29
-3
-16
-20
-442
0
0
0
0
0
0
0
0
0
0
0
0
0
0
-2
0
0
-25
0
0
0
0
0
26
0
0
44
5
0
0
23
0
863
32
0
0
0
8
0
0
-27
0
0
171
0
-19
0
-29
0
2
-1
0
0
0
0
0
-1
-8
0
0
0
0
0
-20
0
0
0
0
0
0
0
0
0
0
0
0
0
0
0
0
0
-3
0
0
0
3
9
0
0
7
0
56
0
0
-9
0
0
0
0
0
0
0
0
0
-7
0
0
3
0
-38
0
0
-21
0
4
0
0
32
-12
0
-27
3
0
41
0
-2
0
-41
-32
0
0
0
0
0
22
50
0
0
0
0
-38
0
0
0
0
0
11
0
0
7
0
0
0
0
0
0
0
0
0
0
20
0
0
0
18
0
0
0
0
0
-11
-6
0
0
0
0
0
0
0
0
0
5
0
0
0
0
0
0
0
0
-11
0
-20
0
4
4
0
0
-1
-36
24
9
0
0
0
0
0
0
0
-16
0
0
0
0
-52
-1
0
37
0
-19
0
-43
0
0
0
0
-18
0
0
0
0
0
0
0
0
0
0
0
0
0
0
0
-3095
0
0
0
-11
12
-9
0
3009
0
28
0
-2
-26
0
0
0
0
0
0
0
0
0
-1
0
0
0
0
33
0
0
0
0
0
4
0
0
0
0
0
0
0
105
5
0
-1
0
0
0
0
5
0
0
0
0
-3
0
0
0
0
0
0
0
0
0
-16
0
0
0
0
-33
0
0
0
5
8
-2
0
0
10
0
0
0
0
0
0
0
0
-3
0
7
2
0
2
0
23
11
0
0
0
-11
0
172
6
-11
0
0
0
0
0
32
0
0
-1
0
0
0
0
0
-80
-28
0
0
0
-10
0
-69
0
0
0
32
0
0
0
0
0
0
0
20
0
20
0
15
0
0
0
0
0
0
0
0
7
0
0
11
0
0
0
0
0
0
0
0
0
-5
0
123
0
0
0
6
-110
0
0
0
20
0
0
0
0
0
-7
0
10
-9
0
0
0
0
0
0
-37
0
0
15
0
-250
0
0
0
0
0
0
-2
0
0
16
0
6
-15
0
0
0
0
0
0
0
0
0
0
0
0
50
0
0
4
-2
0
0
0
0
-5
0
0
0
0
0
-39
0
0
0
0
0
0
-1
0
11
0
0
0
0
0
0
0
0
0
27
0
0
0
0
-44
0
0
0
0
0
0
18
0
0
52
0
0
0
-2
0
0
0
0
0
0
0
0
0
0
0
0
0
0
0
0
0
0
0
0
0
0
6
109
-51
0
0
0
0
0
0
0
14
0
0
0
10
0
0
9
-66
6
-5
0
0
0
0
-20
-23
0
-16
0
0
0
44
0
0
0
0
16
0
-20
-30
0
15
0
0
0
0
0
0
0
0
0
0
0
0
0
0
0
0
0
16
0
0
-3
0
0
-10
0
21
-31
0
0
0
0
0
0
0
0
-4
0
0
0
0
0
-199
0
-144
0
0
0
0
0
-2465
0
0
0
-46
0
-27
0
0
0
0
0
0
0
0
0
0
9
0
0
0
0
28
0
0
0
0
0
0
0
0
0
0
115
0
0
5
0
0
0
0
0
0
97
372
0
0
20
0
0
0
0
0
0
-9
0
0
0
-20
-69
0
0
0
-1
0
0
0
0
-54
0
0
0
0
0
-9
0
0
0
0
40
0
0
0
23
0
0
-4
0
0
0
0
0
0
0
-4
-23
0
4
0
0
0
0
29
0
0
0
0
0
0
0
29
0
0
0
0
0
0
0
0
-8
-25
-11
0
-216
0
0
0
0
0
27
2
0
0
0
0
0
0
0
6
0
0
0
0
0
0
0
0
0
8
0
8
3
30
0
-126
21
0
0
0
72
0
-10
0
0
0
0
0
0
0
18
0
0
0
0
0
0
0
0
0
2547
0
0
0
4
0
0
0
0
74
0
0
0
0
0
20
0
0
0
0
0
-41
0
-6
0
0
0
0
0
0
0
0
0
-14470
0
0
0
2
0
0
0
0
0
0
0
0
0
-44
0
31
0
0
0
0
0
-4
0
0
-8
0
0
0
27
0
0
0
0
19
0
0
1
-18
0
0
0
0
133
0
-23
0
0
0
0
26
0
24
0
0
40
0
1
0
0
-11
0
0
-153
78
0
-42
0
8
0
53
0
0
0
3
0
10
0
0
1
0
0
5
0
-16
-8
0
0
0
0
-3
36
0
-4
0
-4
0
28
-4
-10
0
0
-10
0
0
0
0
0
7150
0
0
95
16
-20
1
0
0
6
0
2
0
0
-56
0
0
14
0
0
0
0
14
0
0
17
0
0
0
0
0
0
0
0
0
0
-16
0
0
0
-30
0
0
0
0
0
0
0
0
-10
-171
68
0
0
30
23
0
0
0
0
0
0
0
0
0
0
0
0
0
0
0
13
21
0
0
0
-26
0
0
11
4
0
27
0
0
0
0
0
0
0
41
0
0
15
-733
0
0
0
0
-44
0
3
0
0
0
0
25
0
0
-2
0
0
7
0
0
0
0
0
-27
0
0
0
25
0
0
0
0
0
0
0
3
0
0
0
0
0
0
0
0
2
-4
36
0
0
0
0
0
7
0
0
0
0
0
-52790
42
1235
20602
0
2087
28715
109
3943
0
78
0
526
-8262
1523
8393
-19196
-22449
1806
0
0
-115
660
7866
36227
-1056
2
-26748
-1509
-1996
-2
-33
1337
111
-105
2380
42
7382
2653
-76
-209
40
-531
122
121
-2257
31
-2529
12854
224
-308
-843
-97
-154
-2
-1190
977
-832
430
-2
12
10596
-4978
2311
12
1624
18
-41
-2424
-317
-978
-14
1745
224
73
901
11642
-969
1526
1308
16
2
-2
10
83
6
-209
-12
49
-826
100
-1056
22
142
1119
-37
3326
403
371
8
-487
28
-209
0
-324
-18
-214
4369
2047
-12603
-12902
4
145
-414
1032
-115
124
-2127
4
-174
-8
-188
1523
31
-248
221
-19
-949
0
40262
-728
-41
-531
40
-7848
-540
-13709
2581
-75
-800
2
-56
660
-1457
-782
34
-8082
-35
-136
-10344
5606
-197
-2529
-1008
4010
-1170
0
122
72
25
1072
479
28
-814
-254
40
-356
1144
-677
1647
-260
66
84
-73
-56
-4998
23
-173
-113
-115
0
-274
-43
337
782
-60
80
-589
2484
-3344
-3302
-605
-1264
319
2881
-984
