0
0
0
0
0
1
0
0
0
0
-83
2
0
-22
210
0
-179
0
-16
47
0
0
0
0
0
0
0
222
0
-38
0
0
0
0
0
0
0
0
0
0
0
0
0
-25
0
0
0
-2
0
0
0
0
0
0
0
0
47
0
0
0
0
0
-17
-22
-39
-253
0
0
0
34
0
0
0
0
0
0
0
82
0
4
9
0
-17
0
0
0
-16
-22
0
0
0
70
-42
0
0
0
0
0
181
0
0
0
0
0
0
0
0
0
141
0
76
0
0
0
0
0
0
5
0
0
0
18
0
-9
-82
38
3
0
0
0
0
0
0
0
72
0
-18
0
-48
0
0
0
0
0
129
12
0
-5
0
0
0
0
-16
0
0
0
0
-3
-1
219
0
22
0
0
0
0
0
0
-13
0
-105
0
-10
17
0
0
0
-1
0
-94
-124
0
0
-1
-49
0
0
0
16
0
0
19
0
0
0
0
0
-27
24
0
0
-3
0
0
0
52
0
23
0
-69
0
0
0
0
0
0
0
0
0
-59
19
0
0
-84
0
0
0
0
0
0
0
0
0
8
0
-11
0
0
0
-104
0
0
0
0
0
0
-32
6
0
0
0
-12
0
-4
-858
11
0
0
0
0
-19
0
0
0
-38
0
0
0
0
0
0
-11
46
0
-24
0
0
0
0
0
53
0
0
0
0
0
-26
-12
0
0
0
-35
0
0
57
-6
0
-74
0
0
0
30
0
0
0
0
0
0
0
0
0
0
0
-374
0
0
0
0
0
0
0
0
0
0
0
0
0
-27
0
0
0
0
0
-32
0
0
74
0
0
0
0
17
0
0
0
0
-224
0
0
0
0
0
0
438
0
0
0
107
0
0
0
-21
0
0
13
0
27
0
1
5
-25
0
0
0
0
0
0
0
-25
0
0
0
0
0
0
0
0
0
0
0
0
0
-34
0
-15
0
-54
-13
0
0
0
0
-207
0
0
0
0
4
0
0
0
53
0
0
0
0
-18
0
29
0
0
84
0
-17
0
0
0
0
0
0
0
0
0
0
0
0
0
0
0
-43
11
18
0
119
0
0
3041
0
-67
-8
0
0
0
0
0
-42
0
24
0
0
0
-6
-123
0
0
0
0
26
0
0
0
0
0
-1
-22
0
0
0
0
-33
-4
0
0
0
0
0
0
0
0
0
0
6
0
-42
40
0
0
0
0
-5
107
0
0
0
5
0
0
14
0
-24
0
0
-39
0
-79
13
-11
-6
0
15
-196
0
35
0
0
0
0
0
-50
0
5
0
0
-17
-8
0
0
0
0
0
0
0
25
0
0
119
0
0
0
-17
-24
0
0
-6
0
0
0
-10
0
-25
0
0
0
0
0
21
0
0
0
0
0
0
0
0
0
0
0
0
0
0
0
3
0
0
0
17
-68
0
0
117
19
0
0
0
0
0
0
0
0
0
0
-19
0
0
0
0
0
0
0
0
32
0
0
0
-17
53
0
-23
0
0
0
0
0
70
0
-15
12
0
0
0
0
0
0
0
0
80
0
35
6
0
0
51
0
0
0
0
0
0
0
0
0
-19
-158
0
29
0
0
0
0
0
0
0
0
0
0
11
0
-6
24
0
0
0
3
0
0
0
-13
0
0
0
16
0
0
0
0
0
0
0
0
0
0
0
0
-3
0
-22
0
0
-27
17
-24
0
0
0
94
0
0
0
0
0
0
5
19
-18
0
0
0
0
0
0
179
18
0
0
0
-23
0
0
0
0
-39
0
0
0
0
0
13
20
0
0
0
0
6
0
0
8
0
0
0
0
0
0
0
0
0
0
0
0
26
56
0
0
0
0
-19
0
0
0
0
0
4
61
-24
0
0
0
24
0
11
0
0
33
0
81
0
0
0
0
7
0
0
39
0
0
3
0
0
14
-648
-30
0
0
2
0
0
0
194
-76
0
0
0
0
0
0
0
0
-11
24
33
0
0
0
0
56
0
0
0
0
0
13
0
0
-62
28
0
0
-46
-378
0
-17462
0
0
0
-13
0
32
0
0
0
0
0
0
0
0
0
0
-28
0
-4
0
0
0
0
3
1
0
6
31
0
0
-28
0
-1
-15
0
0
0
0
0
0
0
0
0
0
0
0
-103
0
0
0
4
0
19
0
0
-36
6
0
0
0
0
2
0
-38
0
0
-16
0
0
3
0
0
0
0
0
0
0
0
0
0
0
0
0
-39
0
0
0
-4
1
0
0
0
0
0
0
0
0
0
0
0
0
0
-19
0
0
0
11
0
0
46
0
18
0
-67
-8
0
0
0
31
0
12
0
0
0
0
0
0
-12
20
0
0
0
-1
-55
-103
0
0
0
0
0
0
0
0
-14
0
0
-15
0
31
0
0
0
0
0
0
0
0
0
-13
0
0
0
0
0
0
0
0
-10
0
0
-222
0
0
0
18
0
-11
22
0
21
0
0
0
-8
0
0
0
0
0
-746
0
0
0
0
-1360
5
0
0
0
0
270
0
0
0
0
0
39
0
0
0
39
0
0
0
4
0
0
0
0
0
0
11
0
0
-53
73
0
0
18
0
-58
-100
-7
0
1
0
0
0
0
0
0
0
0
-1795
0
0
0
4
0
0
18
0
0
0
0
0
0
0
0
0
0
0
0
0
0
14
0
1
0
4
0
0
8
0
0
0
0
78
0
0
0
0
0
0
6
0
0
0
0
18
0
-6827
0
1
0
0
0
0
0
0
0
0
0
0
0
36
0
0
-55
0
0
0
14
0
92
0
0
0
0
-5
60
-68
0
0
4
-63
0
0
0
286
20
0
0
0
0
0
0
0
10
0
4
0
0
0
0
0
0
0
0
0
0
0
0
0
0
0
0
0
0
20
-22
0
-73
0
0
0
6
0
0
0
0
0
0
0
0
0
0
0
0
0
0
0
0
0
0
11
0
0
0
0
-8
1
-73
0
18
0
0
0
-198
0
0
0
75
0
0
39
-28
0
0
0
0
0
0
0
0
0
0
0
28
-62
0
0
5
0
-127
0
0
0
0
0
0
0
0
0
0
0
0
-1
0
0
0
0
0
0
658
0
0
0
0
0
0
0
-11
-6
39
1
-7
0
-24
0
0
0
0
0
0
0
-2
0
0
0
0
0
66
-141
0
0
16
0
0
-25
0
-21
0
0
0
64
0
0
0
0
0
0
0
2
0
22
0
0
0
-31
0
0
-2
0
0
0
-28
0
-44
0
-13
-20
0
1
9
0
0
0
0
0
0
0
0
4
0
0
25
0
0
0
0
0
-22
0
0
0
0
-53
0
96
0
12
0
0
0
0
0
0
0
0
0
0
-25
0
0
0
0
0
0
0
15
0
0
0
0
-16
0
0
0
0
0
0
-9
0
3
0
-5
96
0
0
1
0
-129
0
0
0
3
0
0
6
7
0
-49
1
0
0
80
17
0
0
0
0
0
0
-18
-66
10
0
18
0
1
4
0
0
0
0
0
0
1215
0
0
0
-45
5
0
0
0
0
0
0
-1
435
38
0
0
-37
0
0
0
0
0
0
0
0
0
0
0
-24
0
0
-72
0
-42
0
0
0
0
0
-210
0
0
-25
0
0
0
0
0
0
0
-8
0
0
0
0
0
27
-12
0
-10
20
0
0
0
9
0
4
0
-25
4
0
0
0
0
0
0
0
0
0
0
0
0
0
0
83
5
-13
0
0
-22
0
0
0
6
0
0
0
0
0
0
0
0
0
0
-33
0
6
0
-1
0
-25
17
0
0
0
0
0
0
0
38
0
0
0
46
12
0
0
0
0
0
0
-5
0
34
-24
0
0
0
0
0
0
0
0
0
0
0
0
0
24
0
0
-49
0
0
0
0
0
0
7
0
45
0
0
0
0
-39
0
0
0
0
0
0
6
0
0
0
2
0
0
0
0
-83
0
0
104
0
0
0
0
0
19
0
-987
0
20
0
0
0
0
0
78
0
0
0
0
0
0
0
0
0
0
0
0
0
-46
0
0
0
0
2
0
0
0
0
-5
1
0
0
0
73
0
0
0
0
0
0
0
0
0
0
0
0
0
0
0
0
-39
16
0
0
0
-6
0
76
0
0
0
0
0
0
0
0
0
0
0
-92
0
0
0
0
0
0
0
0
0
0
0
0
0
0
35
0
0
0
0
0
-11
13
0
25
-8
0
0
0
0
6
0
0
0
0
0
0
0
0
0
0
0
0
0
0
27
0
0
0
0
0
0
0
0
0
0
0
557
0
0
0
0
0
0
0
0
0
0
0
0
317
0
3
0
0
-141
0
0
0
0
0
0
0
-24
11
0
0
0
-4
0
-19
83
-99
0
0
0
0
0
0
-29
0
-23
-52
6
0
-38
0
0
-20
11
0
0
0
0
0
0
0
0
0
0
117
0
0
-1
0
0
0
0
0
0
0
0
99
0
0
0
67
0
0
0
0
0
-59
0
0
26
0
0
-14
15
0
0
0
0
0
0
-36
0
0
0
0
0
20
0
0
0
0
38
0
0
0
0
16
0
0
0
0
0
0
-3
-53
0
0
0
0
0
0
67
0
0
0
0
255
0
0
39
0
0
0
0
58
0
0
0
0
0
0
0
0
0
0
0
2
-1
0
0
0
0
13
0
0
-11
0
0
15
0
38
0
0
0
0
-1
0
80
0
0
0
0
-2
0
0
0
0
0
0
0
-14
0
0
0
-49
-159
0
0
0
0
0
0
158
0
0
0
0
0
0
-1
0
0
0
1
17
0
0
-18
0
2
0
0
0
0
0
63
0
1
0
0
0
-15
0
0
0
0
0
0
0
15
0
0
-21
0
0
0
0
-99
0
0
0
0
0
82
0
0
0
0
22
0
0
0
0
0
0
0
0
0
0
0
0
-30
0
0
0
0
0
0
0
0
0
-5
0
54
0
0
0
0
-2
0
-26
0
0
0
0
0
0
0
0
0
15
-27
0
0
13
0
0
0
-11
15
0
0
0
0
0
0
0
0
0
0
25
0
0
0
0
-1
35
0
-45
90
6
0
0
0
0
138
0
0
23
0
0
-4
65
0
0
0
0
0
25
0
0
0
0
0
0
-29
0
0
0
24
0
0
0
0
0
0
0
0
0
52
0
0
0
-72
0
0
-30
0
0
0
0
0
0
0
-17
-22
0
0
0
0
0
0
0
0
0
0
0
0
0
0
0
71
-18
0
0
0
0
-26
0
-7
0
0
0
0
0
0
0
-80
0
-20
0
27
0
0
0
1
0
0
0
0
0
0
0
0
0
6
0
8
0
0
0
-7
-86
0
71
0
0
99
-3
12
0
0
13
0
-58
0
0
0
0
0
42
-2680
0
0
0
0
0
0
0
0
5
0
0
0
0
0
0
0
0
0
0
0
0
0
0
-18
-6
0
0
0
0
0
0
-24
29
0
0
21
0
-15
6
0
-84
0
-109
3
0
0
0
24
0
0
0
0
35
0
-24
0
0
67
0
-21
0
0
2
-4
0
0
35
0
0
29
17
0
0
0
0
8
0
0
0
0
0
36
0
0
11
0
0
0
0
-47
0
0
0
0
0
24
0
-3
0
0
0
-11
0
0
0
0
0
0
0
-73
0
-29
-49
0
0
0
0
0
0
0
0
0
0
0
-217
-39
28
0
-4
0
0
0
0
0
-31
0
0
0
0
0
0
-39
0
0
0
0
-56
0
0
0
0
0
0
0
0
0
-11
0
0
0
0
0
11
0
0
0
0
-71
42
0
0
0
0
0
0
0
0
0
0
0
0
0
54
-6
1
5
0
-13
0
0
0
-88
0
0
-45
150
18
0
0
0
27
6
-18
-84
0
0
0
1
0
1
0
0
-168
83
24
0
0
6
0
0
0
48
18
12
0
0
0
0
11
0
0
0
55
0
0
0
4
0
0
0
3
0
0
0
0
0
-119
-4
0
0
-70
-34
-80
-18
0
-90
0
39
0
-48
0
0
0
0
0
0
0
-32
43
0
0
0
0
0
0
25
0
6
0
-18
0
0
0
0
0
0
0
-24
0
4
0
0
0
0
0
0
19
8
-1
0
0
0
0
0
0
0
0
0
0
11
0
18
28
0
0
25
0
-112
0
0
0
0
0
6
0
0
0
0
0
0
-19
0
0
0
0
0
127
0
0
19
69
0
14
0
0
23
4
0
0
0
0
0
0
0
0
0
0
0
7
3
0
-31
0
0
0
-36
0
-1927
0
0
0
0
0
0
0
0
0
0
0
13
0
0
0
-11
0
0
0
0
-13
0
0
6
0
0
-324
0
0
0
0
0
0
0
0
0
0
0
0
0
0
12
0
0
0
40
12
0
0
0
0
0
0
0
18
0
0
0
0
0
0
0
0
0
0
0
0
0
0
0
0
36
28
0
0
0
0
-29
0
0
0
0
0
0
0
-27
0
0
52
0
0
0
0
0
-62
0
0
-5
46
0
0
0
0
0
0
0
0
0
-1
0
0
0
0
0
42
0
0
0
0
0
-17
0
0
0
-96
10
-81
0
0
0
0
0
-2
0
0
0
5
0
0
0
5
-16
0
0
0
0
0
0
0
-125
0
0
59
0
-15
0
4
0
0
0
0
0
22
0
43
6
27
0
0
0
0
0
12
0
0
0
0
0
83
6
53
0
0
-4
0
35
0
0
0
0
0
0
0
0
0
0
0
1305
0
68
0
12
123
0
39
0
0
0
0
0
0
0
0
0
0
0
0
-36
28
0
0
0
0
0
0
0
221
0
0
0
0
-20
0
0
0
0
0
16
13
0
0
0
0
6
0
0
0
0
0
0
0
0
37
0
0
0
-61
16
0
0
-10
0
0
-37
0
0
0
-19
0
0
0
0
0
-24
0
0
0
0
0
0
-62
0
0
-55
0
0
0
0
-1
-163
0
0
0
0
0
0
0
0
-255
0
0
0
0
0
0
0
0
0
0
0
0
0
5
0
0
0
0
-29
0
0
12
34
0
0
0
0
0
2
0
0
0
-4
0
0
0
-2
0
0
0
27
0
0
17
18
0
0
18
18
0
0
0
0
0
0
-14
0
-4
0
0
-33
-32
-16
-72
0
0
0
0
3
49
0
0
0
0
-10
0
0
0
0
-18
0
0
0
0
1075
5
-513
0
0
0
3
2630
-6
-1
6
0
0
0
0
0
0
-49
0
0
0
0
0
0
0
0
0
0
30
0
0
0
0
0
0
0
0
0
0
0
0
0
0
0
0
-25
0
0
0
74
0
0
0
0
0
0
165
0
-2
-4
-1267
0
0
0
0
0
0
-6
0
0
0
0
0
0
0
174
0
0
0
59
0
0
0
0
0
0
0
0
0
-2
0
0
0
0
0
0
0
0
0
0
0
0
0
0
-2
0
0
0
0
-6986
0
0
-5
-45
0
0
0
0
0
0
0
-13
0
0
0
0
-35
6
0
217
0
0
0
0
5
0
0
-19
-20
0
0
0
0
0
0
0
0
0
0
0
0
1
0
0
-61
0
0
0
-373
0
0
-13
0
0
0
0
0
-13
0
0
0
-73
-181
0
0
0
141
6
-72
-1
0
-22
0
0
0
0
0
-120
0
0
0
-19
0
0
-12
0
0
0
0
0
0
0
-38
358
0
0
0
0
0
0
0
0
-7
0
-23
-28
0
0
0
-11
0
0
-221
0
0
0
0
19
16
0
67
0
0
0
0
0
0
0
0
0
-38
0
0
0
0
-6
0
-35
-104
0
0
0
0
0
0
-26
0
-4
0
0
0
0
-333
0
0
0
-859
0
0
0
-40
-34
0
0
0
0
0
0
0
18
0
0
0
0
0
13
0
44
2
0
-65
0
0
0
0
0
-4
68
0
24
63
0
-2
-20
14
-33
0
0
0
0
0
0
0
0
0
0
-47
0
0
0
0
14
0
0
1
0
0
0
1
0
0
0
-22
0
0
0
0
0
0
0
0
0
0
0
0
0
0
0
0
0
0
0
0
0
0
0
0
0
0
0
0
0
0
0
0
0
0
0
0
0
0
0
0
-83
0
0
0
3042
23
0
0
0
0
95
0
0
0
14
0
0
0
0
0
2
-269
-4
-39
0
0
-1
0
-50
0
0
0
1407
0
-14
0
29
0
13
0
0
0
0
0
0
0
0
0
0
0
0
0
0
6
0
0
0
0
17
0
0
0
0
0
0
19
0
0
-9
0
0
0
-8
0
0
34
0
14
-31
0
0
0
0
42
0
-47
28
0
-1
0
0
0
0
0
0
0
0
0
0
0
13
0
19
0
0
24
0
0
0
0
-14
0
0
0
0
1927
-25
0
0
0
0
0
-80
0
0
0
0
0
0
0
0
0
0
0
0
0
0
0
0
0
0
26
0
0
0
-5
7102
-14
0
0
-9
0
0
0
-582
0
0
0
0
105
0
0
7174
34
0
22
0
0
0
0
-59
-36
10
0
0
0
0
0
121
0
0
0
0
0
0
33
0
0
0
0
12
0
0
0
-3
0
0
0
0
0
5
0
0
-11
-16
0
0
0
0
0
52
-52
0
-78
-6
152
-72
-24
0
0
7
-2
0
-9
54
0
0
-69
80
-9
0
0
18
-1
0
0
12
0
0
-17
0
-13
0
0
0
0
-4
0
0
-31
0
0
0
0
0
-56
0
0
0
0
0
0
0
0
0
0
1
0
-35
-5
-1
0
0
-44
0
0
0
0
-24
0
0
6
0
-26
0
0
0
0
0
0
0
0
-15
0
0
0
0
0
-11
0
0
-16
0
0
0
0
0
-2
0
0
0
0
0
0
0
0
0
0
-6
0
0
-19
0
0
0
0
0
0
0
0
-76
-7
0
0
0
-24
0
0
0
-70
-56
-23
0
0
0
0
0
-4
0
0
68
0
0
0
0
0
-106
0
96
0
0
0
0
0
0
42
0
0
0
0
0
0
0
0
0
0
0
0
4
0
0
0
0
0
32
0
0
0
0
0
0
0
0
0
0
0
0
0
-6
0
0
0
0
0
0
0
0
0
0
0
0
0
0
0
-12
0
0
0
0
61
0
0
-4
0
0
6
0
-74
0
0
0
0
0
0
0
0
0
0
0
0
0
-3
0
0
0
0
19
0
0
0
0
0
0
-108
0
80
0
0
-14
0
0
0
0
0
0
0
33
19
0
-28
-14
9
0
0
0
0
0
0
0
286
0
0
-103
10
58
0
0
0
6
-32
1
0
0
0
0
1
0
4
-2
0
0
0
0
-1
58
43
-6
0
0
0
0
73
0
0
-70
0
0
6790
0
0
2
0
0
0
-74
0
0
0
0
0
0
0
0
0
0
0
-39
0
-143
0
69
3
0
0
0
0
-83
0
0
0
0
0
0
0
0
0
0
15
0
0
0
0
0
0
0
6
0
13815
0
0
63
0
0
0
0
0
0
0
0
0
1
0
-19
0
0
0
0
-4
0
0
22
10
6
0
187
10
-10
0
62
0
0
-78
-7
10
0
0
0
0
0
1
0
0
0
0
0
-16
0
0
0
-29
0
0
0
0
0
0
0
-1
-28
0
0
-6
0
-12
0
0
0
0
36
0
0
0
0
155
0
0
0
0
0
-22
0
39
0
0
0
0
-45
-10
2
0
0
0
0
0
33
0
0
0
0
0
0
0
0
0
30
0
47
0
0
0
0
0
0
0
0
0
0
0
0
0
0
0
0
0
0
0
0
0
0
0
0
0
-1
0
0
0
0
42
0
-19
0
0
0
0
-16
0
0
0
-10
49
0
12
0
0
0
0
0
0
0
9
0
0
0
-6476
0
0
0
0
0
7
18
0
0
0
0
0
0
1
-1128
0
0
0
0
0
0
-42
143
0
38
22
0
-13
0
0
0
-7
-18
5
-127
58
-7
0
0
0
0
16
0
0
0
0
32
29
0
0
-32
0
0
8
-16
0
0
16
105
0
13
-46
-165
0
0
0
-3
0
0
0
0
-6
0
0
0
0
0
858
0
15
0
0
28
-18
0
55
0
0
1
0
0
0
0
0
0
0
0
0
0
0
0
0
0
0
0
0
0
31
0
0
-47
0
0
-20
0
0
0
0
23
0
4
0
-5
0
2
-32
-138
8
0
0
0
50
0
0
0
0
-10
-20
0
0
0
0
0
0
0
10
0
0
-14
0
0
0
0
0
0
0
0
0
-59
0
0
0
-10
0
0
0
0
0
-61
-52
0
29
0
0
0
0
0
5
2
0
0
0
0
0
0
0
0
56
0
-23
0
0
6
-56
18
0
0
0
0
0
0
0
0
0
0
0
0
0
29
0
0
0
0
0
0
36
0
0
0
0
0
0
0
0
-7
0
0
0
-67
0
0
0
0
-95
-105
0
-16
0
-124
0
0
0
0
0
0
-24
6
0
0
5
0
0
45
0
0
-7
0
0
0
0
0
0
0
-32
-9
0
0
-12
-35
0
0
0
0
0
0
-55
0
0
0
0
0
0
0
0
0
0
1
0
0
-48
0
0
-4
0
0
733
0
0
0
0
0
0
0
0
0
0
0
0
0
0
0
0
0
0
0
0
39
39
0
0
0
0
0
0
0
0
-86
-15
-36
0
0
-3041
0
0
0
0
0
0
0
0
0
66
0
-12
0
0
0
0
0
17
-28
0
-25
75
0
0
0
39
0
-74
74
0
358
0
0
0
0
0
-18
10
0
0
7
0
0
0
0
0
39
6
0
0
0
0
-2
0
0
0
-54
-35
0
-29
45
0
72
0
0
0
0
0
8
0
-18
0
0
0
0
-5
0
0
0
0
0
0
0
0
0
60
0
0
0
10
11
0
0
12
0
0
0
0
0
0
0
0
-39
-38
0
-36
0
0
0
0
23
0
-13
0
0
17
0
12
0
26
18
-125
14
6
19
42
0
-38
0
0
0
0
0
0
0
72
-39
0
-101
0
0
2987
0
0
-83
0
0
0
36
0
22
0
0
0
0
0
0
16
0
19
-27
0
0
0
0
0
0
0
0
0
0
-139
8
0
0
0
0
66
0
1
0
16
0
0
0
42
0
0
0
34
0
0
-6
0
0
0
99
0
0
0
0
-160
-30
0
0
0
0
2
0
0
0
0
0
-63
-82
-31
-89
63
6
0
0
45
-4
-2
-34
-435
0
0
0
0
0
0
0
0
0
0
0
0
0
0
0
0
0
-43
0
0
0
0
0
44
0
0
44
3
0
0
21
0
859
45
0
0
0
12
0
0
-17
0
0
159
0
-27
0
-29
0
-39
-5
0
0
0
0
0
-21
-32
0
0
0
0
0
-38
0
0
0
0
0
0
0
0
0
0
0
0
0
0
0
0
0
-2
0
0
0
5
19
0
0
-7
0
94
0
0
5
0
0
0
0
0
0
0
0
0
-13
0
0
-56
0
-66
0
0
-35
0
3
0
0
46
-26
0
-32
7
0
37
0
-3
0
-56
-60
0
0
0
0
0
38
82
0
0
0
0
-30
0
0
0
0
0
9
0
0
5
0
0
0
0
0
0
0
0
0
0
42
0
0
0
30
0
0
0
0
0
-19
-4
0
0
0
0
0
0
0
0
0
11
0
0
0
0
0
0
0
0
-6
0
-34
0
6
2
0
0
3
-66
20
15
0
0
0
0
0
0
0
-26
0
0
0
0
-112
-5
0
67
0
-35
0
-73
0
0
0
0
-16
0
0
0
0
0
0
0
0
0
0
0
0
0
0
0
-2887
0
0
0
-1
18
-7
0
4491
0
42
0
0
-44
0
0
0
0
0
0
0
0
0
1
0
0
0
0
55
0
0
0
0
0
2
0
0
0
0
0
0
0
103
11
0
1
0
0
0
0
18
0
0
0
0
-1
0
0
0
2
0
0
0
0
0
-28
0
0
0
0
-57
0
0
0
3
20
0
0
0
8
0
0
0
0
0
0
0
0
-1
0
15
0
0
4
0
21
21
0
0
0
-19
0
259
6
-19
0
0
0
0
0
62
0
0
-3
0
0
0
0
0
-78
-26
0
0
0
-18
0
-57
0
0
0
62
0
0
0
0
0
0
0
36
0
30
0
25
0
0
0
0
0
0
0
0
13
0
0
19
0
0
0
0
0
0
0
0
0
-11
0
187
0
0
0
4
-180
0
0
0
36
0
0
0
0
0
-5
0
8
-10
0
0
0
0
0
0
-67
0
0
13
0
-259
0
0
0
0
0
0
16
0
0
30
0
4
-27
0
0
0
0
0
0
0
0
0
0
0
0
84
0
0
6
2
0
0
0
0
-17
0
0
0
0
0
-67
0
0
0
0
0
0
-5
0
19
0
0
0
0
0
0
0
0
0
32
0
0
0
0
-42
0
0
0
0
0
0
32
0
0
78
0
0
0
0
0
0
0
0
0
0
0
0
0
0
0
0
0
0
0
0
0
0
0
0
0
0
14
108
-47
0
0
0
0
0
0
0
12
0
0
0
22
0
0
7
-82
4
-3
0
0
0
0
-34
-21
0
-12
0
0
0
74
0
0
0
0
28
0
-36
-28
0
20
0
0
0
0
0
0
0
0
0
0
0
0
0
0
0
0
0
24
0
0
-1
0
0
-8
0
45
-63
0
0
0
0
0
0
0
0
-8
0
0
0
0
0
-256
0
-140
0
2
0
0
0
-2373
0
0
0
-80
0
-53
0
0
0
0
0
0
0
0
0
0
7
0
0
0
0
26
0
0
0
0
0
0
0
0
0
0
109
0
0
3
0
0
0
0
0
0
95
460
0
0
14
0
0
0
0
0
0
-7
0
0
0
4
-117
0
0
0
-3
0
0
0
0
-102
0
0
0
0
0
-17
0
0
0
0
70
0
0
0
39
0
0
-4
0
0
0
0
0
0
0
-2
-19
0
-18
0
0
0
0
59
0
0
0
0
0
0
0
49
0
0
0
0
0
0
0
0
-14
-43
-19
0
-358
0
0
0
0
0
45
4
0
0
0
0
0
0
0
12
0
0
0
0
0
0
0
0
0
12
0
12
15
24
0
-179
35
0
0
0
120
0
-8
0
0
0
0
0
0
0
32
0
0
0
0
0
0
0
0
0
2470
0
0
0
-12
0
0
0
0
128
0
0
0
0
0
34
0
0
0
0
0
-71
0
-10
0
0
0
0
0
0
0
0
0
-8058
0
0
0
6
0
0
0
0
0
0
0
0
0
-74
0
59
0
0
0
0
0
-2
0
0
-20
0
0
0
47
0
0
0
0
35
0
-2
-69
-29
0
0
0
0
221
0
-39
0
0
0
0
44
0
36
0
0
32
0
-1
0
0
-9
0
0
-259
74
0
-70
0
-36
0
93
0
0
0
2
0
18
0
0
-5
0
0
19
0
-17
-6
0
0
0
0
-7
70
0
-5
0
-8
0
48
-12
-8
0
0
-20
0
0
0
0
0
7162
0
0
163
28
-18
5
0
0
10
0
0
0
0
-94
0
0
24
0
0
0
0
26
0
0
31
0
0
0
0
0
0
0
0
0
0
-7
0
0
0
-28
0
0
0
0
0
0
0
0
-18
-159
90
0
0
26
39
0
0
0
0
0
0
0
0
0
0
0
0
0
0
0
21
43
0
0
0
-44
0
0
19
20
0
21
0
0
0
0
0
0
0
73
0
0
27
-733
0
0
0
0
-42
0
5
0
0
0
0
43
0
0
-4
0
0
15
0
0
0
0
0
-45
0
0
0
22
0
0
0
0
0
0
0
1
0
0
0
0
0
0
0
0
6
-3
62
0
0
0
0
0
13
0
0
0
0
0
-39268
64
2613
11163
0
3451
21794
183
5089
0
124
0
-703
-8050
-1514
4146
-11958
-15711
2513
0
0
-412
3899
8618
24349
-1342
4
-22052
-1540
-2395
2
170
1677
181
-692
3799
64
5633
3567
-125
-489
60
-760
-34
1303
-3009
59
-2464
9474
113
-310
-1249
-35
-166
2
-1150
1475
-866
-49
-5
-138
9865
-4946
3429
18
2374
74
-99
-1863
-536
-765
-10
1955
113
121
1128
10443
-985
1915
2274
221
4
2
16
-40
12
-489
-86
-55
-833
114
-1342
36
336
1734
-495
786
351
552
12
-868
42
-489
0
-475
217
-224
4415
2879
-10384
-10536
6
220
-668
2869
-412
48
-1962
6
-187
-30
-652
-1514
59
-251
-252
-23
-1340
0
25935
-788
-37
-760
60
-4988
-555
-11280
3212
16
-846
4
-111
3899
-2163
-1048
22
-3724
-26
-2299
-8948
5776
-146
-2464
-1198
2965
-1562
0
-34
70
47
1440
1627
41
-846
-354
60
-381
544
-674
923
-409
106
-516
1492
28
-718
35
-161
-107
-412
0
-294
-92
405
-920
-59
122
-895
2814
-3995
-3178
-4
-1203
-698
3506
-1194
