0
0
0
0
0
5
0
0
0
0
-21
6
0
0
18
0
9
0
4
7
0
0
0
0
0
0
0
246
0
-42
0
0
0
0
0
0
0
0
0
0
0
0
0
-29
0
0
0
2
0
0
0
0
0
0
0
0
11
0
0
0
0
8
-17
-2
-7
-11
0
0
0
6
0
0
0
0
0
0
0
14
0
10
4
0
-21
0
0
0
0
2
0
0
0
10
2
0
0
0
0
0
17
0
0
0
0
0
-4
0
0
0
25
0
12
0
0
0
0
0
0
9
0
0
0
6
0
-1
-18
6
7
0
0
0
0
0
0
0
12
0
-2
-8
-10
0
0
0
0
0
13
20
0
2
0
0
0
0
-20
0
0
4
0
5
7
27
0
10
0
0
0
0
0
0
-1
0
-44
0
-14
17
0
0
0
-5
4
-98
-24
0
0
3
-9
0
0
0
0
0
0
-1
0
0
0
0
0
-3
28
0
0
-7
0
0
0
-11
0
14
0
-73
0
0
0
0
0
0
0
0
0
-11
3
0
0
-16
0
0
0
0
0
0
0
0
0
0
0
1
0
0
0
20
0
0
0
0
0
0
-1
2
0
0
0
-16
0
-8
-862
-5
0
0
0
0
-3
0
0
0
-6
0
0
0
0
0
0
-19
10
0
2
0
0
0
0
0
24
0
0
0
0
0
-5
-13
0
0
0
1
0
0
81
-2
0
-82
0
0
0
10
0
0
0
0
0
0
0
0
0
0
0
-74
0
4
0
0
0
0
0
0
0
0
0
0
0
2
0
0
0
0
0
0
0
0
14
0
0
0
0
1
0
0
0
0
-44
0
0
0
0
0
0
146
0
0
0
28
0
0
0
-25
0
0
1
0
-1
0
-3
-3
-5
0
0
0
0
0
0
0
-5
0
0
0
0
0
0
0
0
0
0
0
0
0
-6
4
1
0
-6
-21
0
0
0
0
-223
0
0
0
0
0
0
0
0
13
0
0
0
0
2
0
5
0
0
16
0
-1
0
0
0
0
0
0
0
0
0
0
0
0
0
0
0
-47
19
22
0
3
0
0
3073
-4
-2
-12
0
0
0
0
0
-6
0
0
0
0
0
-2
-23
0
0
0
0
-2
0
4
0
0
0
3
18
0
0
0
0
-5
-8
0
0
0
0
0
0
0
0
0
0
2
0
-6
14
0
0
0
0
-9
19
0
0
0
0
0
0
6
0
-28
0
0
-18
0
-15
13
-15
-14
0
-1
-304
0
7
0
0
0
0
0
-10
0
-7
0
0
-33
4
0
0
0
0
0
0
0
5
0
0
39
0
0
0
-21
-4
0
0
-2
0
0
0
-14
0
-69
0
0
0
0
0
1
0
0
0
0
0
0
0
0
0
0
0
0
0
0
0
-5
0
0
0
25
-8
0
0
46
3
0
0
0
0
0
0
0
0
0
0
-51
0
0
0
0
0
0
0
0
4
0
0
0
1
9
0
-27
0
0
0
0
0
14
0
1
4
0
0
0
0
0
0
0
0
12
0
3
2
0
0
55
0
0
0
0
0
0
0
0
0
1
-162
0
5
0
0
0
0
0
0
0
0
0
0
-1
0
2
8
0
0
0
2
0
0
0
-1
0
0
0
0
0
0
0
0
0
0
0
0
0
0
0
0
13
0
-2
0
0
-3
-7
-44
0
0
0
98
0
0
0
0
0
0
-3
3
-22
0
0
0
0
0
0
-9
2
0
0
0
-35
0
0
0
0
-63
0
0
0
0
0
1
0
0
4
0
0
2
0
0
-4
0
0
0
0
0
0
0
0
0
0
0
0
-2
8
0
0
0
0
-3
0
0
0
0
0
8
81
-4
0
0
0
10
0
-9
0
0
1
0
21
0
0
0
0
-1
0
0
-1
0
0
-5
0
0
2
-652
2
0
0
-2
0
0
0
34
-12
0
0
0
0
0
0
0
0
1
4
5
0
0
0
0
64
0
0
0
0
0
1
0
0
-16
4
0
0
-6
-94
0
7429
0
4
0
3
0
0
0
0
0
0
0
0
0
0
0
0
-1
0
-8
0
0
0
0
11
-3
0
-2
3
0
0
-4
0
-5
1
0
0
0
0
0
0
0
0
0
0
0
0
-19
0
0
0
0
0
-1
0
0
-4
-2
0
0
0
0
-2
0
-6
0
0
4
0
0
-1
0
0
0
0
0
0
0
0
0
0
0
0
0
-7
0
0
0
4
-3
0
0
4
0
0
0
0
0
0
0
0
0
0
-3
0
0
0
-1
0
0
15
0
2
0
-7
0
0
0
0
16
0
32
36
0
0
0
0
0
-4
0
0
0
0
3
2
-24
0
0
0
0
0
0
0
0
2
0
0
-19
0
39
0
0
0
0
0
-4
0
0
0
-1
0
0
0
0
0
0
0
0
2
0
0
-246
0
0
0
2
0
-15
26
0
5
0
0
0
2
0
0
0
0
0
-142
0
0
0
0
-1352
0
0
0
0
0
78
0
0
0
0
0
7
0
0
0
14
0
0
0
-4
0
0
0
0
0
0
-1
0
0
-13
9
0
0
2
0
-2
-116
5
0
6
0
0
0
0
0
0
0
0
-1835
0
0
0
0
0
0
2
0
0
0
0
0
0
0
0
0
0
0
0
0
0
22
0
-3
0
8
0
0
-4
0
0
0
0
14
0
0
0
0
0
0
-2
0
0
0
0
2
0
-6851
0
5
0
0
0
0
0
0
0
0
0
0
0
0
0
0
-54
0
0
0
6
0
96
0
0
0
0
2
35
-12
0
0
8
-11
0
0
0
237
28
0
0
0
0
0
0
0
-10
0
2
0
0
0
0
0
0
0
0
0
0
0
0
0
0
0
0
0
0
0
-26
0
-5
0
0
0
2
0
0
0
0
0
0
0
0
0
0
0
0
0
0
0
0
0
0
23
0
0
0
0
-12
-3
-13
0
6
0
0
0
-37
0
0
0
-45
0
0
7
-4
0
0
0
0
0
0
0
0
0
0
0
8
-10
0
0
1
0
-3
0
0
0
0
0
0
0
0
0
0
0
0
-5
0
0
0
0
0
0
663
0
0
0
0
0
0
0
1
2
7
5
0
0
-4
0
0
0
0
0
0
0
2
0
0
0
0
0
6
-157
0
0
20
0
0
3
0
3
0
0
0
12
0
0
0
0
0
0
0
-6
0
2
0
0
0
-39
0
0
2
0
0
0
-4
0
-8
0
-1
-28
0
-3
-3
0
0
0
0
0
0
0
0
8
0
0
1
0
0
0
0
0
2
0
0
0
0
-9
0
32
0
4
0
0
0
0
0
0
0
0
0
0
-19
0
0
0
0
0
0
0
22
0
0
0
0
0
0
0
0
0
0
0
-13
0
-5
0
-9
42
0
0
5
0
-13
0
0
0
-1
0
0
2
-1
0
-12
-3
0
0
4
1
0
0
0
0
0
4
-2
-10
-2
0
-2
0
-3
-4
0
0
0
0
0
0
1358
0
0
0
-9
-3
-4
0
0
0
0
0
3
450
6
0
0
-5
0
0
0
0
0
0
0
0
0
0
0
0
0
0
-8
0
2
0
0
0
0
0
-18
0
0
-1
0
0
0
-5
0
0
0
-12
0
0
0
0
0
3
0
0
-18
0
0
0
0
-3
0
-8
0
-5
-8
0
0
0
0
0
0
0
0
0
0
0
0
0
0
-37
1
-1
0
0
30
0
0
0
2
0
0
0
0
0
0
0
0
0
0
-5
0
-2
0
15
0
-5
4
0
0
0
0
0
0
0
46
0
0
0
14
0
0
0
0
0
0
0
-9
0
6
-4
0
0
0
0
0
0
0
0
0
0
0
0
0
4
0
0
-61
0
0
0
0
0
0
-1
0
49
0
0
0
0
-7
0
0
0
0
0
0
-2
0
0
0
6
0
0
0
0
37
0
0
-20
0
0
0
0
0
3
0
-1039
0
0
0
0
0
0
0
82
0
0
0
0
0
0
0
0
0
0
0
0
0
-14
0
0
0
0
6
0
0
0
0
-9
5
0
0
0
13
0
0
0
0
0
0
0
0
0
0
0
0
0
0
0
0
5
20
0
0
0
6
0
26
0
0
0
0
0
0
0
0
0
0
0
-96
0
0
0
0
0
0
0
0
0
0
0
0
0
0
3
0
0
0
0
0
-1
25
0
5
4
0
0
0
0
2
0
0
0
0
0
0
0
0
0
0
0
0
0
0
31
0
0
0
0
0
0
0
0
0
0
0
180
0
0
0
0
0
0
0
0
0
0
0
0
131
0
6
0
0
-25
0
0
0
0
0
0
0
0
-1
0
0
0
-8
0
-3
36
-15
0
0
0
0
0
0
-33
0
-3
-4
-2
0
-6
0
0
-4
15
0
0
0
0
0
0
0
0
0
0
21
0
0
3
-4
0
0
0
0
0
0
0
19
0
0
0
11
0
0
0
0
0
-11
0
0
-6
0
0
2
-1
0
0
0
0
0
0
-40
0
0
0
0
0
4
0
0
0
0
2
0
0
0
0
0
0
0
0
0
0
0
-11
-13
0
0
0
0
0
0
7
0
0
0
0
47
0
0
7
0
0
0
0
114
0
0
0
0
0
0
0
0
0
0
0
30
3
0
0
0
0
-7
0
0
-15
0
0
3
0
6
0
0
0
0
-5
0
16
0
0
0
0
6
0
0
0
0
0
0
0
-26
0
0
0
1
-3
0
0
0
0
0
0
162
0
0
0
0
0
0
-5
0
0
0
-7
-1
0
0
-2
0
-6
0
0
0
0
0
-33
0
-3
0
0
0
1
0
0
0
0
0
0
0
-1
0
0
-33
0
0
0
0
-103
0
0
0
0
0
32
0
0
0
0
2
0
0
0
0
0
0
0
0
0
0
0
4
-2
0
0
0
0
0
0
0
0
0
-21
0
6
0
0
0
0
2
0
6
0
0
0
0
0
0
0
0
0
-13
1
0
0
1
0
0
0
5
-1
0
0
0
0
0
0
0
0
0
0
-3
0
0
0
0
3
7
0
-49
30
2
0
0
0
0
138
0
0
3
0
0
0
28
0
0
0
0
0
29
0
0
0
0
0
0
-5
0
0
0
4
0
0
0
0
0
0
0
0
0
4
0
0
0
-8
0
0
-6
0
0
0
0
0
0
0
-1
6
0
0
0
0
0
0
0
0
0
0
-8
0
0
0
0
11
-2
0
0
0
0
-34
0
1
0
0
0
0
0
0
0
-84
0
-28
0
10
0
0
0
-3
0
0
0
0
0
0
-12
0
0
2
0
0
0
0
0
-11
-88
0
7
0
0
15
-7
0
0
0
1
0
-10
0
0
0
0
0
6
-2724
0
0
0
0
0
0
0
0
-3
0
0
0
0
0
0
0
0
0
0
0
0
0
0
-2
2
0
0
0
0
0
0
-4
33
0
0
-3
0
1
2
0
-16
0
-121
7
0
0
0
4
0
0
0
0
7
0
-4
0
0
11
0
-1
0
0
-2
8
0
0
3
0
0
5
1
0
0
0
0
28
0
0
0
0
0
40
0
0
-1
0
0
0
0
2
0
0
0
0
0
4
0
5
0
0
0
1
0
0
0
0
0
0
0
-9
0
-5
-9
0
0
0
0
0
0
0
0
0
0
0
-219
-7
8
0
8
0
0
0
0
0
-3
0
0
0
0
0
0
-7
0
0
0
0
-8
0
0
0
0
0
0
0
0
0
-19
0
0
0
0
0
-1
0
0
0
0
-7
6
0
0
0
0
0
0
0
0
0
0
0
0
0
18
2
5
9
0
-1
0
0
0
-16
0
0
-12
120
-6
0
0
0
3
2
-2
-16
0
0
0
-3
0
5
0
0
-77
15
-4
0
0
2
0
0
0
52
6
4
0
0
0
0
15
0
0
0
19
0
0
0
-20
0
0
0
3
0
0
0
0
0
-131
-10
0
0
-2
-6
-12
-2
0
67
0
7
0
-52
0
0
0
0
0
0
0
2
7
0
0
0
0
0
0
5
0
2
0
-18
0
0
0
0
0
0
0
-4
0
0
0
0
0
0
0
0
27
12
3
0
0
0
0
0
0
0
0
0
0
-9
0
6
4
0
0
1
0
-17
0
0
0
0
0
2
0
0
0
0
0
0
9
0
0
0
0
0
-5
0
0
3
13
0
18
0
0
3
0
0
0
0
0
0
0
0
0
0
0
0
-1
-1
0
-3
0
0
0
-4
0
-1943
0
0
0
0
0
0
0
0
0
0
0
1
0
0
0
1
0
0
0
0
-1
0
0
-2
0
0
-67
0
0
0
0
0
0
0
0
0
0
0
0
0
0
4
0
0
0
22
4
0
0
0
0
0
0
0
2
0
0
0
0
0
0
0
0
0
0
0
0
0
0
0
0
8
32
0
0
0
0
-5
0
0
0
0
0
0
0
-3
0
0
56
0
0
0
0
0
-10
0
0
-1
53
0
0
0
0
0
0
0
0
0
7
0
0
0
0
0
-2
0
0
0
0
0
-25
0
0
0
-32
2
-21
0
0
0
0
0
-6
0
0
0
1
0
0
0
-3
-28
0
0
0
0
0
0
0
-25
0
0
11
0
-3
0
2
0
0
0
0
0
-30
0
59
10
-1
0
0
0
0
0
0
0
0
0
0
0
15
2
1
0
0
-8
0
-5
0
0
0
0
0
0
0
0
0
0
0
1365
0
12
0
4
23
0
7
0
0
0
0
0
0
0
0
0
0
0
0
-7
-32
0
0
0
0
0
0
0
75
0
0
0
0
0
0
0
0
0
0
20
-7
0
0
0
0
14
0
0
0
0
0
0
0
0
9
0
0
0
-17
20
0
0
-2
0
0
-45
0
0
0
-3
0
0
0
0
0
-4
0
0
0
0
0
0
-2
0
0
-11
0
0
0
0
2
-27
0
0
0
0
0
0
0
0
-47
0
0
0
0
0
0
0
0
0
0
0
0
0
-2
0
0
0
0
-5
0
0
4
6
0
0
0
0
0
-2
0
0
0
20
0
0
0
2
0
0
0
3
0
0
1
-26
0
0
-2
18
0
0
0
0
0
0
-18
0
4
0
0
-37
-44
0
-12
0
0
0
0
-1
9
0
0
0
0
2
0
0
0
0
-2
0
0
0
0
1059
2
-101
0
0
0
2
2423
2
-5
-2
-4
0
0
0
0
0
-20
0
0
0
0
0
0
0
0
0
0
46
0
0
0
0
0
0
0
0
0
0
0
0
0
0
0
0
-1
0
0
0
6
0
0
0
0
0
0
201
0
6
10
-1323
0
0
0
0
0
0
2
0
0
0
0
0
0
0
86
0
0
0
11
0
0
0
0
0
0
0
0
0
2
0
0
0
0
0
0
0
0
0
0
0
0
0
0
-6
-4
0
0
0
-7026
0
0
7
-5
0
0
0
0
0
0
0
-17
0
0
0
0
-3
2
0
219
0
0
0
0
21
0
0
-3
0
0
0
0
0
0
0
0
0
0
0
0
0
-3
0
0
-81
0
0
0
-73
0
0
-13
0
0
0
0
0
-16
0
0
0
-9
-17
0
0
0
157
10
-69
3
0
-2
0
0
0
0
0
-24
0
0
0
-3
0
0
-1
0
0
0
0
0
0
0
-5
74
0
0
0
0
0
0
0
0
-11
0
-27
-4
0
0
0
4
0
0
-45
0
0
0
0
3
0
0
11
0
0
0
0
0
0
0
0
0
-6
0
4
0
0
-14
0
-3
-20
0
0
0
0
0
0
-2
0
0
0
0
0
0
-87
0
0
0
-867
0
0
0
5
-6
0
0
0
0
0
0
0
2
0
0
0
0
0
1
0
52
-6
0
-25
0
0
0
0
0
-2
0
0
4
11
0
2
-24
2
-41
0
0
0
0
0
0
0
0
0
0
-7
0
0
0
0
-30
0
0
-3
0
0
0
-3
0
0
0
2
0
0
0
0
0
0
0
0
0
0
0
0
0
0
-4
0
0
0
0
0
0
0
0
0
0
0
0
0
0
0
0
0
0
0
0
0
0
0
0
0
-15
0
0
0
3410
27
0
0
0
0
61
0
0
0
2
0
0
4
0
0
2
-53
-8
-7
0
0
3
0
-10
0
0
0
1406
0
-2
0
5
0
1
0
0
0
0
0
0
0
0
0
0
0
0
0
0
10
0
0
0
0
-3
0
0
0
0
0
0
3
0
0
-17
0
0
0
40
0
0
6
0
18
1
0
0
0
0
14
0
-7
4
0
15
0
0
0
0
0
0
0
0
0
0
0
1
0
3
-4
0
0
0
0
0
0
-2
0
0
0
0
1943
-1
0
0
0
0
0
-16
-4
0
0
0
0
0
0
0
0
0
0
0
0
0
0
0
0
0
-10
0
-4
0
3
1484
-18
0
0
3
0
0
0
-577
0
0
0
0
106
0
0
7222
6
0
26
0
0
0
0
-11
-4
18
0
0
0
0
0
1
0
0
0
0
0
0
37
0
0
0
0
4
0
0
0
-7
0
0
0
0
0
-3
0
0
1
0
0
0
0
0
0
16
-56
0
-17
-10
50
-12
-4
0
0
11
-6
0
-13
10
0
0
-13
12
-13
0
0
2
-6
0
0
-8
0
0
-1
0
-1
0
0
0
0
-8
0
0
-16
0
0
0
0
0
-4
0
0
0
0
0
0
0
0
0
0
-3
0
-7
3
-5
0
0
-52
0
0
0
0
-4
0
0
2
0
-8
-4
0
0
0
0
0
0
0
-22
0
0
0
0
0
1
0
0
-20
0
0
0
0
0
6
0
0
0
0
0
0
0
0
0
0
6
0
0
-3
0
0
0
0
0
0
0
0
-108
1
0
0
0
-4
0
0
0
-10
-8
-3
0
0
0
0
0
-8
0
0
8
0
0
0
0
0
-2
0
39
0
0
0
0
0
0
46
0
0
0
0
0
0
0
0
0
0
0
0
-4
0
0
0
0
0
1
0
4
0
0
0
0
0
0
0
0
0
0
0
-10
0
0
0
0
0
0
0
0
0
0
0
0
0
0
0
-20
0
0
0
0
17
0
0
-8
0
0
34
0
-6
0
0
0
0
0
0
0
0
0
0
0
0
0
4
0
0
0
0
3
0
0
0
0
0
0
-111
0
12
0
0
9
0
0
0
0
0
0
0
41
3
0
-4
-5
13
0
0
0
0
0
0
0
90
0
0
-107
14
10
0
0
0
2
1
1
0
0
0
0
-7
0
8
-2
0
0
0
0
3
18
11
-10
0
0
0
0
5
0
0
-10
0
0
6834
0
0
6
0
0
0
-14
0
0
0
0
0
0
0
0
0
0
0
-7
0
-43
0
73
-2
0
0
0
0
-21
0
0
0
0
0
0
0
0
0
0
3
0
0
0
0
0
0
0
2
0
10643
0
0
-1
0
0
0
0
0
0
0
0
0
-3
0
-3
0
0
0
0
-8
0
0
-18
-2
2
0
15
-18
2
0
10
0
0
-14
1
2
0
0
0
0
0
21
0
0
0
0
0
0
0
0
0
-5
0
0
0
0
0
0
0
3
-8
0
0
2
0
-16
0
0
0
0
4
0
0
0
0
114
0
0
0
0
0
-26
0
-5
0
0
0
0
-12
-14
-2
0
0
0
0
0
5
0
0
0
0
0
0
0
0
0
10
0
15
0
0
0
0
0
0
0
0
0
0
0
0
0
0
0
0
0
0
0
0
0
0
0
0
0
3
0
0
0
0
46
0
-3
0
0
0
0
-20
0
0
0
2
20
0
4
0
0
0
0
0
0
0
13
0
0
0
-6528
0
0
0
0
0
-5
22
0
0
0
0
0
0
2
-1264
0
0
0
0
0
0
-2
-53
0
6
2
0
-1
0
0
0
-11
2
1
5
10
1
0
-4
0
0
0
0
0
0
0
-16
33
0
0
-4
0
0
0
20
0
0
-8
44
0
-3
-10
-201
0
0
0
-7
0
0
0
0
-6
0
0
0
0
0
862
0
3
0
0
4
-2
0
7
0
0
-3
0
0
0
0
0
0
0
0
0
0
0
0
0
0
0
0
0
0
3
0
0
-54
0
0
2
0
0
0
0
35
0
-4
0
-25
0
-2
-4
-138
-40
0
0
0
10
0
0
0
0
-11
-40
0
0
0
0
0
0
0
-2
0
0
-2
0
0
0
0
0
0
0
0
0
-12
0
0
0
-14
0
0
0
0
0
-65
11
0
5
0
0
0
0
0
9
-2
0
0
4
0
0
0
0
0
4
0
1
0
0
10
-64
2
0
0
0
0
0
0
0
0
0
0
0
0
0
5
0
0
0
0
0
0
-4
0
0
0
0
0
0
0
0
5
0
0
0
-11
0
0
0
0
-99
-106
0
0
0
-4
0
0
0
0
0
0
-36
6
0
0
-11
0
0
9
0
0
1
0
0
0
0
0
0
0
-10
3
0
0
8
-7
0
0
0
0
0
0
-7
0
0
0
0
0
0
0
0
0
0
-3
0
0
-8
0
0
0
0
0
735
0
0
0
0
0
0
0
0
0
0
0
0
0
0
0
0
0
0
0
0
7
18
0
0
0
0
0
0
0
0
-22
-3
0
0
0
-3073
0
0
0
0
0
0
0
0
0
10
0
-32
0
0
0
0
0
21
-4
0
-5
83
0
0
0
7
0
-14
14
0
156
0
0
0
0
0
-2
14
0
0
-1
0
0
0
0
0
7
-6
0
0
0
0
-6
0
0
0
-10
-7
0
-33
5
0
12
0
0
0
0
0
12
0
6
0
0
0
0
3
0
0
0
0
0
0
0
0
0
20
0
0
0
14
19
0
0
20
0
0
0
0
0
0
0
0
-7
-46
0
-8
0
0
0
0
3
0
-25
0
0
1
0
4
8
6
2
-118
2
2
3
6
0
-6
0
0
0
0
0
0
0
8
-7
0
-121
0
0
2799
0
0
-15
0
0
0
4
0
11
0
0
0
0
0
0
-4
0
7
-31
0
0
0
0
0
0
0
0
0
0
2
-8
0
0
0
0
10
0
-3
0
6
0
0
0
2
0
0
0
6
0
0
2
0
0
0
103
0
0
0
0
-34
-2
0
0
0
0
-2
0
0
0
0
0
1
-90
-43
-28
11
-2
0
0
13
1
-30
-6
-450
0
0
0
0
0
0
0
0
0
0
0
0
0
0
-4
0
0
-7
0
0
0
0
0
8
0
0
24
7
0
0
25
0
867
12
0
0
0
4
0
0
-37
0
0
185
0
-5
0
-33
0
1
3
0
0
0
0
0
1
16
0
0
0
0
0
-2
0
0
0
0
0
0
0
0
0
0
0
0
0
0
0
0
0
-5
0
0
0
1
-1
0
0
21
0
18
0
0
-23
0
0
0
0
0
0
0
0
0
-1
0
0
2
0
-10
0
0
-7
0
2
0
0
18
2
0
-13
-1
0
45
0
2
0
-11
-4
0
0
0
0
0
6
18
0
0
0
0
-46
0
0
0
0
0
13
0
0
9
0
0
0
0
0
0
0
0
0
0
-2
0
0
0
6
0
0
0
0
0
-3
-8
0
0
0
0
0
0
0
0
0
-1
0
0
0
0
0
0
0
0
-14
0
-6
0
2
6
0
0
-5
-6
28
3
0
0
0
0
0
0
0
-6
0
0
0
0
8
3
0
7
0
-3
0
-13
0
0
0
0
-20
0
0
0
0
0
0
0
0
0
0
0
0
0
0
0
-3303
0
0
0
-21
6
-11
0
1290
0
14
0
-4
-8
0
0
0
0
0
0
0
0
0
-3
0
0
0
0
11
0
0
0
0
0
6
0
0
0
0
0
0
0
107
-1
0
-3
0
0
0
0
10
0
0
0
0
-5
0
0
0
-2
0
0
0
0
0
-4
0
0
0
0
-9
0
0
0
7
-4
-4
0
0
12
0
0
0
0
0
0
0
0
-5
0
-1
4
0
1
0
25
1
0
0
0
-3
0
83
2
-3
0
0
0
0
0
2
0
0
1
0
0
0
0
0
-82
-30
0
0
0
-2
0
-81
0
0
0
2
0
0
0
0
0
0
0
4
0
10
0
5
0
0
0
0
0
0
0
0
1
0
0
3
0
0
0
0
0
0
0
0
0
1
0
59
0
0
0
8
-37
0
0
0
4
0
0
0
0
0
-9
0
12
-1
0
0
0
0
0
0
-7
0
0
17
0
-252
0
0
0
0
0
0
-20
0
0
2
0
8
-3
0
0
0
0
0
0
0
0
0
0
0
0
16
0
0
2
-6
0
0
0
0
7
0
0
0
0
0
-11
0
0
0
0
0
0
3
0
3
0
0
0
0
0
0
0
0
0
13
0
0
0
0
-46
0
0
0
0
0
0
4
0
0
26
0
0
0
-4
0
0
0
0
0
0
0
0
0
0
0
0
0
0
0
0
0
0
0
0
0
0
-2
111
-55
0
0
0
0
0
0
0
13
0
0
0
-2
0
0
11
-32
8
-7
0
0
0
0
-6
-25
0
-20
0
0
0
14
0
0
0
0
4
0
-4
-32
0
8
0
0
0
0
0
0
0
0
0
0
0
0
0
0
0
0
0
8
0
0
-5
0
0
-12
0
-3
1
0
0
0
0
0
0
0
0
0
0
0
0
0
0
-66
0
-148
0
-2
0
0
0
-2557
0
0
0
-12
0
-1
0
0
0
0
0
0
0
0
0
0
11
0
0
0
0
30
0
0
0
0
0
0
0
0
0
0
121
0
0
7
0
0
0
0
0
0
99
184
0
0
26
0
0
0
0
0
0
-11
0
0
0
-10
-21
0
0
0
1
0
0
0
0
-6
0
0
0
0
0
-1
0
0
0
0
10
0
0
0
7
0
0
-2
0
0
0
0
0
0
0
-6
-27
0
26
0
0
0
0
-1
0
0
0
0
0
0
0
9
0
0
0
0
0
0
0
0
-2
-7
-3
0
-74
0
0
0
0
0
9
0
0
0
0
0
0
0
0
0
0
0
0
0
0
0
0
0
0
4
0
4
-9
36
0
-40
7
0
0
0
24
0
-12
0
0
0
0
0
0
0
4
0
0
0
0
0
0
0
0
0
2645
0
0
0
2
0
0
0
0
20
0
0
0
0
0
6
0
0
0
0
0
-11
0
-2
0
0
0
0
0
0
0
0
0
-20882
0
0
0
-2
0
0
0
0
0
0
0
0
0
-14
0
3
0
0
0
0
0
-6
0
0
4
0
0
0
7
0
0
0
0
3
0
2
-1
-8
0
0
0
0
45
0
-7
0
0
0
0
8
0
12
0
0
48
0
3
0
0
-13
0
0
-47
82
0
-14
0
4
0
13
0
0
0
5
0
2
0
0
7
0
0
-9
0
-4
-10
0
0
0
0
1
2
0
0
0
0
0
8
8
-12
0
0
0
0
0
0
0
0
7194
0
0
27
4
-22
-3
0
0
2
0
4
0
0
-18
0
0
4
0
0
0
0
2
0
0
3
0
0
0
0
0
0
0
0
0
0
2
0
0
0
-32
0
0
0
0
0
0
0
0
-2
-185
34
0
0
34
7
0
0
0
0
0
0
0
0
0
0
0
0
0
0
0
5
-1
0
0
0
-8
0
0
3
-12
0
33
0
0
0
0
0
0
0
9
0
0
3
-735
0
0
0
0
-46
0
1
0
0
0
0
7
0
0
0
0
0
-1
0
0
0
0
0
-9
0
0
0
29
0
0
0
0
0
0
0
5
0
0
0
0
0
0
0
0
-2
-6
10
0
0
0
0
0
1
0
0
0
0
0
-66314
20
1228
10854
0
-1393
55567
38
4490
0
32
0
214
-8474
848
5216
-26011
-29189
389
0
0
-63
-2580
8690
70128
-892
0
-30908
-1493
-1946
-6
-277
-123
44
-109
574
20
4655
3131
-68
-97
20
-325
478
-1096
-1691
6
1329
6379
-75
-245
-822
-153
-89
-6
-1220
413
-810
160
-2
6
5486
-5010
1325
6
675
-38
-24
343
-121
-1209
-18
924
-75
26
437
5868
-951
1164
381
-200
0
-6
4
13
3
-97
-8
-1
-846
52
-892
10
-83
2512
-43
3146
665
90
4
-465
14
-97
0
-159
-90
-204
2337
1033
-13949
-15268
2
46
-75
-782
-63
86
76
2
-170
18
-122
848
6
-179
169
-9
-614
0
73130
-719
-44
-325
20
-10674
-542
-15584
3465
-329
-762
0
-58
-2580
-929
-616
20
-11853
-44
53
-11740
7934
-254
1329
-985
3118
-1100
0
478
83
3
706
-669
18
-1097
-260
20
-357
604
-683
789
-242
26
48
-1639
16
-9251
29
-192
-112
-63
0
-276
-41
169
351
-66
38
-562
1193
1506
-3426
-1088
-1312
227
1664
-918
