0
0
0
0
0
-1
0
0
0
0
1
7
0
-1
-30
0
56
0
7
-3
0
0
0
0
0
0
0
252
0
-43
0
0
0
0
0
0
0
0
0
0
0
0
0
-30
0
0
0
1
0
0
0
0
0
0
0
0
2
0
0
0
0
10
-17
3
1
-13
0
0
0
-1
0
0
0
0
0
0
0
-3
0
12
2
0
-22
0
0
0
4
4
0
0
0
-5
13
0
0
0
0
0
-24
0
0
0
0
0
-5
0
0
0
-4
0
-4
0
0
0
0
0
0
10
0
0
0
3
0
2
-2
-2
4
0
0
0
0
0
0
0
-3
0
2
-10
0
0
0
0
0
0
-16
22
0
1
0
0
0
0
-21
0
0
5
0
7
9
-21
0
5
0
0
0
0
0
0
2
0
-22
0
-15
17
0
0
0
-6
5
-99
1
0
0
4
1
0
0
0
-4
0
0
-6
0
0
0
0
0
3
29
0
0
-8
0
0
0
-27
0
7
0
-74
0
0
0
0
0
0
0
0
0
1
-1
0
0
1
0
0
0
0
0
0
0
0
0
-2
0
4
0
0
0
51
0
0
0
0
0
0
1
1
0
0
0
-17
0
-9
-863
-9
0
0
0
0
1
0
0
0
2
0
0
0
0
0
0
-21
1
0
15
0
0
0
0
0
12
0
0
0
0
0
3
1
0
0
0
1
0
0
87
-1
0
-84
0
0
0
5
0
0
0
0
0
0
0
0
0
0
0
1
0
5
0
0
0
0
0
0
0
0
0
0
0
10
0
0
0
0
0
8
0
0
-1
0
0
0
0
-3
0
0
0
0
1
0
0
0
0
0
0
73
0
0
0
11
0
0
0
-26
0
0
-2
0
-8
0
-4
-5
0
0
0
0
0
0
0
0
0
0
0
0
0
0
0
0
0
0
0
0
0
0
1
5
5
0
1
-23
0
0
0
0
-227
0
0
0
0
-1
0
0
0
3
0
0
0
0
1
0
-1
0
0
-1
0
3
0
0
0
0
0
0
0
0
0
0
0
0
0
0
0
-48
21
16
0
-1
0
0
3081
-5
15
-13
0
0
0
0
0
3
0
-6
0
0
0
-1
2
0
0
0
0
-9
0
5
0
0
0
4
28
0
0
0
0
2
-9
0
0
0
0
0
0
0
0
0
0
1
0
3
7
0
0
0
0
1
-3
0
0
0
-2
0
0
8
0
-29
0
0
-9
0
1
13
-16
-16
0
-5
-331
0
0
0
0
0
0
0
0
0
-10
0
0
-37
7
0
0
0
0
0
0
0
0
0
0
19
0
0
0
-22
1
0
0
-1
0
0
0
-15
0
-80
0
0
0
0
0
-4
0
0
0
0
0
0
0
0
0
0
0
0
0
0
0
-7
0
0
0
27
7
0
0
20
-1
0
0
0
0
0
0
0
0
0
0
-59
0
0
0
0
0
0
0
0
-3
0
0
0
7
-2
0
-28
0
0
0
0
0
0
0
1
2
0
0
0
0
0
0
0
0
-5
0
-5
1
0
0
27
0
0
0
0
0
0
0
0
0
5
-163
0
-1
0
0
0
0
0
0
0
0
0
0
-4
0
4
4
0
0
0
1
0
0
0
2
0
0
0
-4
0
0
0
0
0
0
0
0
0
0
0
0
7
0
3
0
0
3
-13
-49
0
0
0
99
0
0
0
0
0
0
-5
-1
-16
0
0
0
0
0
0
-56
-2
0
0
0
-38
0
0
0
0
-69
0
0
0
0
0
9
-5
0
5
0
0
1
0
0
-7
0
0
0
0
0
0
0
0
0
0
0
0
-9
-4
0
0
0
0
1
0
0
0
0
0
9
86
1
0
0
0
5
0
-14
0
0
-7
0
6
0
0
0
0
-3
0
0
0
0
0
-7
0
0
-1
-653
1
0
0
-3
0
0
0
-6
4
0
0
0
0
0
0
0
0
4
-1
-2
0
0
0
0
66
0
0
0
0
0
-2
0
0
2
-2
0
0
4
2
0
18446
0
5
0
7
0
-8
0
0
0
0
0
0
0
0
0
0
3
0
0
0
0
0
0
13
0
0
-4
-4
0
0
2
0
-6
5
0
0
0
0
0
0
0
0
0
0
0
0
2
0
0
0
-1
0
-6
0
0
4
-1
0
0
0
0
-3
0
2
0
0
9
0
0
-2
0
0
0
0
0
0
0
0
0
0
0
0
0
1
0
0
0
6
-4
0
0
5
0
0
0
0
0
0
0
0
0
0
1
0
0
0
-4
0
0
7
0
-2
0
8
2
0
0
0
8
0
37
45
0
0
0
0
0
-2
-5
0
0
0
4
1
2
0
0
0
0
0
0
0
0
6
0
0
-20
0
41
0
0
0
0
0
-5
0
0
0
2
0
0
0
0
0
0
0
0
5
0
0
-252
0
0
0
-2
0
-16
27
0
6
0
0
0
1
0
0
0
0
0
10
0
0
0
0
-1350
-2
0
0
0
0
30
0
0
0
0
0
-1
0
0
0
7
0
0
0
-6
0
0
0
0
0
0
-4
0
0
1
-7
0
0
-2
0
12
-120
3
0
3
0
0
0
0
0
0
0
0
-1845
0
0
0
-1
0
0
-2
0
0
0
0
0
0
0
0
0
0
0
0
0
0
24
0
-4
0
9
0
0
-7
0
0
0
0
-2
0
0
0
0
0
0
-4
0
0
0
0
-2
0
-6857
0
6
0
0
0
0
0
0
0
0
0
0
0
-1
0
0
-55
0
0
0
0
0
97
0
0
0
0
1
43
2
0
0
4
2
0
0
0
302
19
0
0
0
0
0
0
0
-15
0
1
0
0
0
0
0
0
0
0
0
0
0
0
0
0
0
0
0
0
-5
-27
0
12
0
0
0
1
0
0
0
0
0
0
0
0
0
0
0
0
0
0
0
0
0
0
26
0
0
0
0
-13
-4
2
0
3
0
0
0
2
0
0
0
-75
0
0
-1
2
0
0
0
0
0
0
0
0
0
0
0
2
3
0
0
0
0
2
0
0
0
0
0
0
0
0
0
0
0
0
-6
0
0
0
0
0
0
665
0
0
0
0
0
0
0
4
4
-1
6
2
0
1
0
0
0
0
0
0
0
3
0
0
0
0
0
-9
-161
0
0
13
0
0
10
0
9
0
0
0
-1
0
0
0
0
0
0
0
-8
0
-3
0
0
0
-41
0
0
3
0
0
0
2
0
1
0
2
-30
0
-4
-6
0
0
0
0
0
0
0
0
9
0
0
-5
0
0
0
0
0
3
0
0
0
0
2
0
16
0
2
0
0
0
0
0
0
0
0
0
0
-20
0
0
0
0
0
0
0
9
0
0
0
0
1
0
0
0
0
0
0
-14
0
-7
0
-10
21
0
0
6
0
16
0
0
0
-2
0
0
1
-3
0
2
-4
0
0
-16
-3
0
0
0
0
0
5
2
4
-5
0
-7
0
-4
-6
0
0
0
0
0
0
1398
0
0
0
0
-5
-5
0
0
0
0
0
4
454
-2
0
0
3
0
0
0
0
0
0
0
0
0
0
0
6
0
0
1
0
1
0
0
0
0
0
30
0
0
5
0
0
0
-7
0
0
0
-13
0
0
0
0
0
-3
3
0
-20
-5
0
0
0
-6
0
-11
0
2
-11
0
0
0
0
0
0
0
0
0
0
0
0
0
0
-67
0
2
0
0
43
0
0
0
1
0
0
0
0
0
0
0
0
0
0
2
0
-4
0
8
0
0
-2
0
0
0
0
0
0
0
48
0
0
0
4
-3
0
0
0
0
0
0
-10
0
-1
1
0
0
0
0
0
0
0
0
0
0
0
0
0
-1
0
0
-64
0
0
0
0
0
0
-3
0
50
0
0
0
0
1
0
0
0
0
0
0
-4
0
0
0
7
0
0
0
0
67
0
0
-51
0
0
0
0
0
-1
0
-1052
0
-5
0
0
0
0
0
83
0
0
0
0
0
0
0
0
0
0
0
0
0
-4
0
0
0
0
7
0
0
0
0
-10
6
0
0
0
-2
0
0
0
0
0
0
0
0
0
0
0
0
0
0
0
0
16
21
0
0
0
9
0
13
0
0
0
0
0
0
0
0
0
0
0
-97
0
0
0
0
0
0
0
0
0
0
0
0
0
0
-5
0
0
0
0
0
5
28
0
0
7
0
0
0
0
1
0
0
0
0
0
0
0
0
0
0
0
0
0
0
22
0
0
0
0
0
0
0
0
0
0
0
85
0
0
0
0
0
0
0
0
0
0
0
0
64
0
7
0
0
4
0
0
0
0
0
0
0
6
-4
0
0
0
-4
0
1
18
6
0
0
0
0
0
0
-34
0
2
8
-4
0
2
0
0
0
16
0
0
0
0
0
0
0
0
0
0
23
0
0
4
-5
0
0
0
0
0
0
0
-1
0
0
0
-3
0
0
0
0
0
1
0
0
-14
0
0
6
-5
0
0
0
0
0
0
-41
0
0
0
0
0
0
0
0
0
0
-7
0
0
0
0
-4
0
0
0
0
0
0
-13
-3
0
0
0
0
0
0
-8
0
0
0
0
-5
0
0
-1
0
0
0
0
129
0
0
0
0
0
0
0
0
0
0
0
37
4
0
0
0
0
-12
0
0
-16
0
0
0
0
-2
0
0
0
0
-6
0
0
0
0
0
0
8
0
0
0
0
0
0
0
-29
0
0
0
0
-4
0
0
0
0
0
0
163
0
0
0
0
0
0
-6
0
0
0
-9
-7
0
0
2
0
-8
0
0
0
0
0
-57
0
-4
0
0
0
0
0
0
0
0
0
0
0
-5
0
0
-36
0
0
0
0
-104
0
0
0
0
0
15
0
0
0
0
-3
0
0
0
0
0
0
0
0
0
0
0
5
5
0
0
0
0
0
0
0
0
0
-25
0
-6
0
0
0
0
3
0
14
0
0
0
0
0
0
0
0
0
-20
8
0
0
-2
0
0
0
9
4
0
0
0
0
0
0
0
0
0
0
-10
0
0
0
0
4
0
0
-50
15
1
0
0
0
0
138
0
0
-2
0
0
1
14
0
0
0
0
0
30
0
0
0
0
0
0
1
0
0
0
-1
0
0
0
0
0
0
0
0
0
-8
0
0
0
8
0
0
0
0
0
0
0
0
0
0
3
10
0
0
0
0
0
0
0
0
0
0
-10
0
0
0
0
-4
2
0
0
0
0
-36
0
3
0
0
0
0
0
0
0
-85
0
-19
0
5
0
0
0
-4
0
0
0
0
0
0
-15
0
0
1
0
-2
0
0
0
-12
-92
0
-9
0
0
-6
-4
-3
0
0
-2
0
2
0
0
0
0
0
-3
-2735
0
0
0
0
0
0
0
0
-5
0
0
0
0
0
0
0
0
0
0
0
0
0
0
2
4
0
0
0
0
0
0
1
34
0
0
-9
0
5
1
0
1
0
-124
4
0
0
0
-1
0
0
0
0
0
0
1
0
0
-3
0
4
0
0
1
11
0
0
-5
0
0
-1
-3
0
0
0
0
33
0
0
0
0
0
41
0
0
-4
0
0
0
0
1
0
0
0
0
0
-1
0
7
0
0
0
4
0
0
0
0
0
0
0
7
0
1
1
0
0
0
0
0
0
0
0
0
0
0
-220
1
3
0
11
0
0
0
0
0
4
0
0
0
0
0
0
1
0
0
0
0
2
0
0
0
0
0
0
0
0
0
-21
0
0
0
0
0
-4
0
0
0
0
9
-3
0
0
0
0
0
0
0
0
0
0
0
0
0
9
4
6
10
0
2
0
0
0
2
0
0
-2
126
-12
0
0
0
-3
1
2
1
0
0
0
1
0
6
0
0
-79
-2
-11
0
0
1
0
0
0
53
3
2
0
0
0
0
16
0
0
0
13
0
0
0
-26
0
0
0
5
0
0
0
0
0
-134
-12
0
0
15
1
5
2
0
29
0
-1
0
-53
0
0
0
0
0
0
0
1
-2
0
0
0
0
0
0
0
0
1
0
-18
0
0
0
0
0
0
0
1
0
-1
0
0
0
0
0
0
29
13
4
0
0
0
0
0
0
0
0
0
0
-14
0
3
-2
0
0
-5
0
5
0
0
0
0
0
1
0
0
0
0
0
0
16
0
0
0
0
0
-38
0
0
-1
-1
0
19
0
0
-2
-1
0
0
0
0
0
0
0
0
0
0
0
-3
-2
0
4
0
0
0
4
0
-1947
0
0
0
0
0
0
0
0
0
0
0
-2
0
0
0
4
0
0
0
0
2
0
0
-4
0
0
2
0
0
0
0
0
0
0
0
0
0
0
0
0
0
2
0
0
0
11
2
0
0
0
0
0
0
0
-2
0
0
0
0
0
0
0
0
0
0
0
0
0
0
0
0
1
33
0
0
0
0
1
0
0
0
0
0
0
0
3
0
0
57
0
0
0
0
0
3
0
0
0
56
0
0
0
0
0
0
0
0
0
9
0
0
0
0
0
-1
0
0
0
0
0
-27
0
0
0
-16
0
-6
0
0
0
0
0
-7
0
0
0
0
0
0
0
-5
-31
0
0
0
0
0
0
0
0
0
0
-1
0
0
0
1
0
0
0
0
0
-43
0
63
11
-8
0
0
0
0
0
-3
0
0
0
0
0
-2
1
-12
0
0
-9
0
-15
0
0
0
0
0
0
0
0
0
0
0
1380
0
-2
0
2
-2
0
-1
0
0
0
0
0
0
0
0
0
0
0
0
1
-47
0
0
0
0
0
0
0
44
0
0
0
0
5
0
0
0
0
0
21
-12
0
0
0
0
16
0
0
0
0
0
0
0
0
2
0
0
0
1
21
0
0
0
0
0
-47
0
0
0
1
0
0
0
0
0
1
0
0
0
0
0
0
13
0
0
0
0
0
0
0
1
7
0
0
0
0
0
0
0
0
5
0
0
0
0
0
0
0
0
0
0
0
0
0
-1
0
0
0
0
1
0
0
2
-1
0
0
0
0
0
-3
0
0
0
26
0
0
0
3
0
0
0
-3
0
0
-3
-37
0
0
-1
18
0
0
0
0
0
0
-19
0
6
0
0
-38
-47
4
3
0
0
0
0
-2
-1
0
0
0
0
2
0
0
0
0
2
0
0
0
0
1093
1
2
0
0
0
1
2437
1
-6
-4
1
0
0
0
0
0
-10
0
0
0
0
0
0
0
0
0
0
50
0
0
0
0
0
0
0
0
0
0
0
0
0
0
0
0
5
0
0
0
-11
0
0
0
0
0
0
210
0
8
5
-1337
0
0
0
0
0
0
4
0
0
0
0
0
0
0
43
0
0
0
-1
0
0
0
0
0
0
0
0
0
3
0
0
0
0
0
0
0
0
0
0
0
0
0
0
-4
-5
0
0
0
-7036
0
0
6
2
0
0
0
0
0
0
0
-18
0
0
0
0
5
1
0
220
0
0
0
0
25
0
0
1
5
0
0
0
0
0
0
0
0
0
0
0
0
-4
0
0
-86
0
0
0
2
0
0
-13
0
0
0
0
0
-7
0
0
0
7
24
0
0
0
161
7
-71
4
0
3
0
0
0
0
0
0
0
0
0
1
0
0
15
0
0
0
0
0
0
0
4
3
0
0
0
0
0
0
0
0
-12
0
-28
2
0
0
0
2
0
0
-1
0
0
0
0
-1
-4
0
-3
0
0
0
0
0
0
0
0
0
2
0
3
0
0
-16
0
5
1
0
0
0
0
0
0
4
0
1
0
0
0
0
2
0
0
0
-869
0
0
0
2
1
0
0
0
0
0
0
0
-2
0
0
0
0
0
-2
0
54
-8
0
14
0
0
0
0
0
-1
-17
0
-1
-2
0
3
-25
-1
-43
0
0
0
0
0
0
0
0
0
0
3
0
0
0
0
-41
0
0
-4
0
0
0
-4
0
0
0
1
0
0
0
0
0
0
0
0
0
0
0
0
0
0
-5
0
0
0
0
0
0
0
0
0
0
0
0
0
0
0
0
0
0
0
0
0
0
0
0
0
2
0
0
0
3544
28
0
0
0
0
68
0
0
0
-1
0
0
5
0
0
2
1
-9
1
0
0
4
0
0
0
0
0
1406
0
1
0
-1
0
-2
0
0
0
0
0
0
0
0
0
0
0
0
0
0
11
0
0
0
0
-8
0
0
0
0
0
0
-1
0
0
-19
0
0
0
52
0
0
-1
0
19
9
0
0
0
0
7
0
3
-2
0
19
0
0
0
0
0
0
0
0
0
0
0
-2
0
-1
-4
0
-6
0
0
0
0
1
0
0
0
0
1947
5
0
0
0
0
0
0
-3
0
0
0
0
0
0
0
0
0
0
0
0
0
0
0
0
0
-19
0
-5
0
5
18
-19
0
0
6
0
0
0
-579
0
0
0
0
107
0
0
7234
-1
0
27
0
0
0
0
1
4
20
0
0
0
0
0
-29
0
0
0
0
0
0
38
0
0
0
0
2
0
0
0
-8
0
0
0
0
0
-3
0
0
4
4
0
0
0
0
0
7
-57
0
1
-11
23
3
1
0
0
12
-7
0
-14
-1
0
0
1
-5
-14
0
0
-2
-8
0
0
-13
0
0
3
0
2
0
0
0
0
-9
0
0
-8
0
0
0
0
0
9
0
0
0
0
0
0
0
0
0
0
-4
0
0
5
1
0
0
-54
0
0
0
0
1
0
0
1
0
1
-5
0
0
0
0
0
0
0
-9
0
0
0
0
0
4
0
0
-13
0
0
0
0
0
8
0
0
0
0
0
0
0
0
0
0
3
0
0
1
0
0
0
0
0
0
0
0
-117
3
0
0
0
1
0
0
0
5
4
2
0
0
0
0
0
-9
0
0
-7
0
0
0
0
0
29
0
18
0
0
0
0
0
0
47
0
0
0
0
0
0
0
0
0
0
0
0
-6
0
0
0
0
0
-1
0
5
0
0
0
0
0
0
0
0
0
0
0
-7
0
0
0
0
0
0
0
0
0
0
0
0
0
0
0
-22
0
0
0
0
5
0
0
-9
0
0
59
0
11
0
0
0
0
0
0
0
0
0
0
0
0
0
2
0
0
0
0
-1
0
0
0
0
0
0
-112
0
-5
0
0
4
0
0
0
0
0
0
0
43
-1
0
2
1
14
0
0
0
0
0
0
0
41
0
0
-108
15
-2
0
0
0
1
0
0
0
0
0
0
-9
0
9
4
0
0
0
0
4
6
3
-11
0
0
0
0
-12
0
0
2
0
0
6849
0
0
4
0
0
0
1
0
0
0
0
0
0
0
0
0
0
0
1
0
3
0
74
-4
0
0
0
0
2
0
0
0
0
0
0
0
0
0
0
3
0
0
0
0
0
0
0
1
0
5181
0
0
-17
0
0
0
0
0
0
0
0
0
-4
0
1
0
0
0
0
-9
0
0
-28
-5
1
0
-28
-25
1
0
-3
0
0
2
3
0
0
0
0
0
0
26
0
0
0
0
0
4
0
0
0
1
0
0
0
0
0
0
0
4
-3
0
0
4
0
-17
0
0
0
0
-4
0
0
0
0
119
0
0
0
0
0
-27
0
-16
0
0
0
0
1
-15
-3
0
0
0
0
0
-2
0
0
0
0
0
0
0
0
0
5
0
7
0
0
0
0
0
0
0
0
0
0
0
0
0
0
0
0
0
0
0
0
0
0
0
0
0
4
0
0
0
0
47
0
1
0
0
0
0
-21
0
0
0
5
10
0
2
0
0
0
0
0
0
0
14
0
0
0
-6541
0
0
0
0
0
-3
13
0
0
0
0
0
0
1
-1298
0
0
0
0
0
0
8
-102
0
-2
-3
0
2
0
0
0
-11
1
0
38
-2
3
0
-5
0
0
-4
0
0
0
0
-28
35
0
0
3
0
0
-2
29
0
0
-14
22
0
-7
-1
-210
0
0
0
-8
0
0
0
0
-6
0
0
0
0
0
863
0
0
0
0
-2
2
0
-5
0
0
-4
0
0
0
0
0
0
0
0
0
0
0
0
0
0
0
0
0
0
-4
0
0
-56
0
0
1
0
0
0
0
38
0
-6
0
-30
0
-3
3
-138
-52
0
0
0
0
0
0
0
0
-12
-45
0
0
0
0
0
0
0
-5
0
0
1
0
0
0
0
0
0
0
0
0
-13
0
0
0
-5
0
0
0
0
0
-66
27
0
-1
0
0
0
0
0
10
-3
0
0
5
0
0
0
0
0
-9
0
7
0
0
6
-66
-2
0
0
0
0
0
0
0
0
0
0
0
0
0
-1
0
0
0
0
0
0
-2
0
0
0
0
0
0
0
0
3
0
0
0
3
0
0
0
0
-100
-107
0
4
0
1
0
0
0
0
0
0
-39
6
0
0
-15
0
0
0
0
0
3
0
0
0
0
0
0
0
2
6
0
0
13
0
0
0
0
0
0
0
5
0
0
0
0
0
0
0
0
0
0
-4
0
0
2
0
0
1
0
0
736
0
0
0
0
0
0
0
0
0
0
0
0
0
0
0
0
0
0
0
0
-1
9
0
0
0
0
0
0
0
0
-3
0
1
0
0
-3081
0
0
0
0
0
0
0
0
0
-4
0
-37
0
0
0
0
0
22
2
0
0
85
0
0
0
-1
0
1
-1
0
78
0
0
0
0
0
2
15
0
0
-3
0
0
0
0
0
-1
-9
0
0
0
0
-7
0
0
0
1
0
0
-34
-5
0
-3
0
0
0
0
0
13
0
12
0
0
0
0
3
0
0
0
0
0
0
0
0
0
10
0
0
0
15
21
0
0
22
0
0
0
0
0
0
0
0
1
-48
0
-1
0
0
0
0
-2
0
-28
0
0
-3
0
2
10
1
-2
-121
-1
1
-1
-3
0
2
0
0
0
0
0
0
0
-8
1
0
-126
0
0
2814
0
0
2
0
0
0
-4
0
14
0
0
0
0
0
0
-9
0
7
-22
0
0
0
0
0
0
0
0
0
0
0
-12
0
0
0
0
-4
0
-4
0
13
0
0
0
-8
0
0
0
16
0
0
4
0
0
0
104
0
0
0
0
0
5
0
0
0
0
0
0
0
0
0
0
2
-92
-46
-6
13
-4
0
0
5
3
-37
1
-454
0
0
0
0
0
0
0
0
0
0
0
0
0
0
-5
0
0
2
0
0
0
0
0
-1
0
0
12
8
0
0
26
0
869
2
0
0
0
2
0
0
-42
0
0
192
0
2
0
-35
0
0
5
0
0
0
0
0
0
28
0
0
0
0
0
7
0
0
0
0
0
0
0
0
0
0
0
0
0
0
0
0
0
-6
0
0
0
0
-5
0
0
28
0
-1
0
0
-30
0
0
0
0
0
0
0
0
0
2
0
0
1
0
4
0
0
0
0
1
0
0
13
9
0
-6
-3
0
47
0
4
0
5
1
0
0
0
0
0
-2
2
0
0
0
0
-50
0
0
0
0
0
14
0
0
10
0
0
0
0
0
0
0
0
0
0
-13
0
0
0
0
0
0
0
0
0
1
-9
0
0
0
0
0
0
0
0
0
-4
0
0
0
0
0
0
0
0
-12
0
1
0
1
7
0
0
-7
9
30
0
0
0
0
0
0
0
0
-1
0
0
0
0
11
5
0
-8
0
5
0
2
0
0
0
0
-21
0
0
0
0
0
0
0
0
0
0
0
0
0
0
0
-3407
0
0
0
-26
3
-12
0
427
0
7
0
-5
1
0
0
0
0
0
0
0
0
0
-4
0
0
0
0
0
0
0
0
0
0
7
0
0
0
0
0
0
0
108
-5
0
1
0
0
0
0
14
0
0
0
0
-2
0
0
0
-3
0
0
0
0
0
2
0
0
0
0
3
0
0
0
8
-10
-5
0
0
13
0
0
0
0
0
0
0
0
-6
0
4
4
0
8
0
26
-4
0
0
0
1
0
37
0
1
0
0
0
0
0
-13
0
0
2
0
0
0
0
0
-83
-31
0
0
0
2
0
-87
0
0
0
-13
0
0
0
0
0
0
0
-4
0
5
0
0
0
0
0
0
0
0
0
0
-2
0
0
-1
0
0
0
0
0
0
0
0
0
4
0
27
0
0
0
9
1
0
0
0
-4
0
0
0
0
0
-10
0
13
3
0
0
0
0
0
0
8
0
0
18
0
-253
0
0
0
0
0
0
-29
0
0
-5
0
9
3
0
0
0
0
0
0
0
0
0
0
0
0
-1
0
0
1
-8
0
0
0
0
13
0
0
0
0
0
3
0
0
0
0
0
0
5
0
-1
0
0
0
0
0
0
0
0
0
6
0
0
0
0
-47
0
0
0
0
0
0
-3
0
0
13
0
0
0
-5
0
0
0
0
0
0
0
0
0
0
0
0
0
0
0
0
0
0
0
0
0
0
-6
112
-57
0
0
0
0
0
0
0
-1
0
0
0
-1
0
0
11
-15
9
-4
0
0
0
0
1
-26
0
-22
0
0
0
-1
0
0
0
0
-2
0
4
-33
0
4
0
0
0
0
0
0
0
0
0
0
0
0
0
0
0
0
0
4
0
0
-6
0
0
-13
0
-15
17
0
0
0
0
0
0
0
0
2
0
0
0
0
0
2
0
-150
0
-3
0
0
0
-2603
0
0
0
5
0
1
0
0
0
0
0
0
0
0
0
0
12
0
0
0
0
31
0
0
0
0
0
0
0
0
0
0
124
0
0
8
0
0
0
0
0
0
100
90
0
0
29
0
0
0
0
0
0
-12
0
0
0
-5
3
0
0
0
2
0
0
0
0
1
0
0
0
0
0
3
0
0
0
0
-5
0
0
0
-1
0
0
-1
0
0
0
0
0
0
0
-7
-29
0
37
0
0
0
0
-16
0
0
0
0
0
0
0
-1
0
0
0
0
0
0
0
0
1
2
1
0
-3
0
0
0
0
0
0
-1
0
0
0
0
0
0
0
-3
0
0
0
0
0
0
0
0
0
2
0
2
-15
39
0
3
0
0
0
0
0
0
-13
0
0
0
0
0
0
0
-3
0
0
0
0
0
0
0
0
0
2694
0
0
0
1
0
0
0
0
20
0
0
0
0
0
-1
0
0
0
0
0
4
0
0
0
0
0
0
0
0
0
0
0
-24089
0
0
0
-4
0
0
0
0
0
0
0
0
0
1
0
-11
0
0
0
0
0
-7
0
0
10
0
0
0
-3
0
0
0
0
-5
0
-1
-2
-28
0
0
0
0
1
0
1
0
0
0
0
-1
0
6
0
0
46
0
4
0
0
-14
0
0
6
84
0
0
0
2
0
-7
0
0
0
6
0
-2
0
0
10
0
0
-16
0
2
-6
0
0
0
0
3
-15
0
2
0
2
0
-2
14
-13
0
0
5
0
0
0
0
0
7216
0
0
-7
-2
-13
-5
0
0
0
0
5
0
0
1
0
0
-1
0
0
0
0
-4
0
0
-4
0
0
0
0
0
0
0
0
0
0
15
0
0
0
-33
0
0
0
0
0
0
0
0
2
-192
17
0
0
36
-1
0
0
0
0
0
0
0
0
0
0
0
0
0
0
0
1
-12
0
0
0
1
0
0
-1
-20
0
36
0
0
0
0
0
0
0
-7
0
0
-3
-736
0
0
0
0
-47
0
1
0
0
0
0
-2
0
0
1
0
0
-1
0
0
0
0
0
0
0
0
0
21
0
0
0
0
0
0
0
6
0
0
0
0
0
0
0
0
-4
-7
-3
0
0
0
0
0
-2
0
0
0
0
0
-73076
9
1593
5565
0
-3233
69105
37
5120
0
23
0
58
-8580
461
3278
-29413
-32559
-337
0
0
-37
-4200
9102
87081
-810
-1
-32939
-1485
-1926
2
-401
-910
35
-133
-412
9
3003
3766
-59
-26
10
-223
619
-1699
-1452
14
3352
3076
-232
-180
-816
-179
-29
2
-1235
121
-799
23
-2
3
2930
-5026
835
3
134
-66
-10
2034
-23
-1324
-20
522
-232
24
212
2925
-942
1019
-80
-301
-1
2
1
-26
3
-26
-9
-27
-857
31
-810
7
-196
3491
-65
2777
796
-60
2
-458
7
-26
0
-121
-118
-200
1308
457
-14570
-16451
1
-4
136
-1689
-37
67
888
1
-168
31
-107
461
14
-114
123
-2
-446
0
89564
-718
-44
-223
10
-12086
-543
-16519
4256
-461
-743
-1
-59
-4200
-709
-533
16
-13735
-49
149
-12438
9098
-282
3352
-975
2410
-1069
0
619
90
11
573
-1243
13
-1248
-265
10
-358
323
-686
309
-233
20
32
-2422
52
-11376
32
-203
-107
-37
0
-277
-37
86
128
-66
21
-551
492
3931
-3488
-1285
-1334
145
1032
-885
