0
0
0
0
0
-2
0
0
0
0
-108
-1
0
-48
354
0
-320
0
-14
77
0
0
0
0
0
0
0
204
0
-47
0
0
0
0
0
0
0
0
0
0
0
0
0
-22
0
0
0
-13
0
0
0
0
0
0
0
0
74
0
0
0
0
-6
-17
-37
-63
-631
0
0
0
55
0
0
0
0
0
0
0
133
0
2
6
0
-14
0
0
0
-28
-29
0
0
0
115
-75
0
0
0
0
0
304
0
0
0
0
0
3
0
0
0
228
0
124
0
0
0
0
0
0
2
0
0
0
27
0
-12
-130
62
6
0
0
0
0
0
0
0
117
0
-30
6
-72
0
0
0
0
0
216
6
0
-20
0
0
0
0
-13
0
0
-3
0
-9
-7
363
0
23
0
0
0
0
0
0
-20
0
-129
0
-7
17
0
0
0
2
-3
-91
-198
0
0
-4
-78
0
0
0
28
0
0
34
0
0
0
0
0
-45
21
0
0
0
0
0
0
99
0
12
0
-66
0
0
0
0
0
0
0
0
0
-95
31
0
0
-135
0
0
0
0
0
0
0
0
0
12
0
-20
0
0
0
-197
0
0
0
0
0
0
-44
9
0
0
0
-9
0
-1
-855
23
0
0
0
0
-31
0
0
0
-62
0
0
0
0
0
0
-5
73
0
-36
0
0
0
0
0
69
0
0
0
0
0
-63
-9
0
0
0
-50
0
0
39
-9
0
-68
0
0
0
45
0
0
0
0
0
0
0
0
0
0
0
-598
0
-3
0
0
0
0
0
0
0
0
0
0
0
-46
0
0
0
0
0
-50
0
0
119
0
0
0
0
29
0
0
0
0
-358
0
0
0
0
0
0
657
0
0
0
126
0
0
0
-18
0
0
22
0
48
0
4
11
-35
0
0
0
0
0
0
0
-40
0
0
0
0
0
0
0
0
0
0
0
0
0
-55
-2
-27
0
-77
-7
0
0
0
0
-195
0
0
0
0
6
0
0
0
70
0
0
0
0
-26
0
42
0
0
135
0
-29
0
0
0
0
0
0
0
0
0
0
0
0
0
0
0
-40
5
33
0
175
0
0
3017
0
-111
-5
0
0
0
0
0
-69
0
36
0
0
0
-9
-198
0
0
0
0
47
0
-3
0
0
0
-4
-51
0
0
0
0
-54
-1
0
0
0
0
0
0
0
0
0
0
9
0
-69
55
0
0
0
0
-17
167
0
0
0
4
0
0
39
0
-21
0
0
-38
0
-127
15
-8
0
0
27
-118
0
56
0
0
0
0
0
-80
0
14
0
0
-5
-16
0
0
0
0
0
0
0
40
0
0
171
0
0
0
-14
-39
0
0
-9
0
0
0
-7
0
8
0
0
0
0
0
36
0
0
0
0
0
0
0
0
0
0
0
0
0
0
0
7
0
0
0
11
-113
0
0
150
31
0
0
0
0
0
0
0
0
0
0
-86
0
0
0
0
0
0
0
0
49
0
0
0
-25
86
0
-20
0
0
0
0
0
112
0
-22
18
0
0
0
0
0
0
0
0
131
0
59
9
0
0
-44
0
0
0
0
0
0
0
0
0
-32
-155
0
47
0
0
0
0
0
0
0
0
0
0
20
0
-12
36
0
0
0
2
0
0
0
-22
0
0
0
28
0
0
0
0
0
0
0
0
0
0
0
0
-4
0
-37
0
0
-44
35
-9
0
0
0
91
0
0
0
0
0
0
11
31
-33
0
0
0
0
0
0
320
30
0
0
0
-14
0
0
0
0
-22
0
0
0
0
0
76
35
0
-3
0
0
9
0
0
16
0
0
0
0
0
0
0
0
0
0
0
0
47
92
0
0
0
0
-31
0
0
0
0
0
1
46
-38
0
0
0
31
0
26
0
0
57
0
110
0
0
0
0
13
0
0
120
0
0
9
0
0
23
-645
-43
0
0
5
0
0
0
314
-124
0
0
0
0
0
0
0
0
-20
39
54
0
0
0
0
50
0
0
0
0
0
22
0
0
-72
46
0
0
-49
-485
0
-17296
0
0
0
-25
0
50
0
0
0
0
0
0
0
0
0
0
-27
0
-12
0
0
0
0
-3
-5
0
12
52
0
0
-46
0
2
-27
0
0
0
0
0
0
0
0
0
0
0
0
-166
0
0
0
7
0
34
0
0
-60
26
0
0
0
0
5
0
-62
0
0
-31
0
0
6
0
0
0
0
0
0
0
0
0
0
0
0
0
-63
0
0
0
-10
4
0
0
-3
0
0
0
0
0
0
0
0
0
0
-31
0
0
0
20
0
0
62
0
30
0
-112
-12
0
0
0
28
0
-3
-22
0
0
0
0
0
-18
35
0
0
0
-4
-97
-133
0
0
0
0
0
0
0
0
-26
0
0
-12
0
25
0
0
0
0
0
3
0
0
0
-22
0
0
0
0
0
0
0
0
-19
0
0
-204
0
0
0
30
0
-8
19
0
20
0
0
0
-29
0
0
0
0
0
-1193
0
0
0
0
-1363
7
0
0
0
0
412
0
0
0
0
0
63
0
0
0
53
0
0
0
10
0
0
0
0
0
0
20
0
0
-79
121
0
0
30
0
-99
-88
-10
0
-67
0
0
0
0
0
0
0
0
-1765
0
0
0
7
0
0
30
0
0
0
0
0
0
0
0
0
0
0
0
0
0
8
0
4
0
1
0
0
17
0
0
0
0
126
0
0
0
0
0
0
12
0
0
0
0
30
0
-6809
0
-2
0
0
0
0
0
0
0
0
0
0
0
53
0
0
-86
0
0
0
16
0
89
0
0
0
0
-21
161
-110
0
0
6
-102
0
0
0
372
35
0
0
0
0
0
0
0
25
0
3
0
0
0
0
0
0
0
0
0
0
0
0
0
0
0
0
0
0
35
-19
0
-124
0
0
0
9
0
0
0
0
0
0
0
0
0
0
0
0
0
0
0
0
0
0
3
0
0
0
0
-5
4
-118
0
27
0
0
0
-259
0
0
0
165
0
0
63
-46
0
0
0
0
0
0
0
0
0
0
0
16
-101
0
0
2
0
-182
0
0
0
0
0
0
0
0
0
0
0
0
2
0
0
0
0
0
0
656
0
0
0
0
0
0
0
-20
-12
63
-2
-11
0
-39
0
0
0
0
0
0
0
-1
0
0
0
0
0
111
-129
0
0
27
0
0
-46
0
-39
0
0
0
103
0
0
0
0
0
0
0
8
0
37
0
0
0
-25
0
0
-5
0
0
0
-46
0
-65
0
-22
-14
0
3
18
0
0
0
0
0
0
0
0
1
0
0
43
0
0
0
0
0
-31
0
0
0
0
-86
0
144
0
18
0
0
0
0
0
0
0
0
0
0
-46
0
0
0
0
0
0
0
18
0
0
0
0
-28
0
0
0
0
0
0
-6
0
9
0
-2
110
0
0
-2
0
-216
0
0
0
6
0
0
9
13
0
-59
4
0
0
114
29
0
0
0
0
0
-3
-30
-108
19
0
33
0
4
10
0
0
0
0
0
0
1116
0
0
0
-72
11
3
0
0
0
0
0
-2
424
62
0
0
-61
0
0
0
0
0
0
0
0
0
0
0
-36
0
0
-99
0
-62
0
0
0
0
0
-354
0
0
-43
0
0
0
3
0
0
0
-5
0
0
0
0
0
45
-21
0
-4
35
0
0
0
18
0
13
0
-32
10
0
0
0
0
0
0
0
0
0
0
0
0
0
0
173
7
-22
0
0
-61
0
0
0
9
0
0
0
0
0
0
0
0
0
0
-54
0
12
0
-67
0
-25
19
0
0
0
0
0
0
0
32
0
0
0
67
21
0
0
0
0
0
0
-2
0
55
-39
0
0
0
0
0
0
0
0
0
0
0
0
0
39
0
0
-40
0
0
0
0
0
0
13
0
42
0
0
0
0
-63
0
0
0
0
0
0
12
0
0
0
-1
0
0
0
0
-173
0
0
197
0
0
0
0
0
31
0
-948
0
35
0
0
0
0
0
75
0
0
0
0
0
0
0
0
0
0
0
0
0
-67
0
0
0
0
-1
0
0
0
0
-2
-2
0
0
0
118
0
0
0
0
0
0
0
0
0
0
0
0
0
0
0
0
-72
13
0
0
0
-15
0
109
0
0
0
0
0
0
0
0
0
0
0
-89
0
0
0
0
0
0
0
0
0
0
0
0
0
0
59
0
0
0
0
0
-5
4
0
40
-17
0
0
0
0
9
0
0
0
0
0
0
0
0
0
0
0
0
0
0
47
0
0
0
0
0
0
0
0
0
0
0
841
0
0
0
0
0
0
0
0
0
0
0
0
381
0
1
0
0
-228
0
0
0
0
0
0
0
-42
20
0
0
0
-6
0
-31
89
-162
0
0
0
0
0
0
-26
0
-38
-88
12
0
-62
0
0
-32
8
0
0
0
0
0
0
0
0
0
0
151
0
0
-4
2
0
0
0
0
0
0
0
159
0
0
0
109
0
0
0
0
0
-95
0
0
50
0
0
-14
27
0
0
0
0
0
0
-33
0
0
0
0
0
32
0
0
0
0
65
0
0
0
0
28
0
0
0
0
0
0
3
-70
0
0
0
0
0
0
112
0
0
0
0
411
0
0
63
0
0
0
0
20
0
0
0
0
0
0
0
0
0
0
0
-19
-4
0
0
0
0
28
0
0
-8
0
0
24
0
62
0
0
0
0
2
0
128
0
0
0
0
-8
0
0
0
0
0
0
0
-5
0
0
0
-97
-1150
0
0
0
0
0
0
155
0
0
0
0
0
0
2
0
0
0
7
25
0
0
-30
0
8
0
0
0
0
0
135
0
4
0
0
0
-49
0
0
0
0
0
0
0
27
0
0
-12
0
0
0
0
-96
0
0
0
0
0
115
0
0
0
0
35
0
0
0
0
0
0
0
0
0
0
0
-3
-51
0
0
0
0
0
0
0
0
0
7
0
90
0
0
0
0
-5
0
-50
0
0
0
0
0
0
0
0
0
36
-48
0
0
22
0
0
0
-23
12
0
0
0
0
0
0
0
0
0
0
46
0
0
0
0
-4
53
0
-42
135
9
0
0
0
0
138
0
0
38
0
0
19
74
0
0
0
0
0
22
0
0
0
0
0
0
-42
0
0
0
38
0
0
0
0
0
0
0
0
0
88
0
0
0
-120
0
0
-48
0
0
0
0
0
0
0
-29
-15
0
0
0
0
0
0
0
0
0
0
6
0
0
0
0
116
-30
0
0
0
0
-33
0
-11
0
0
0
0
0
0
0
-77
0
-35
0
36
0
0
0
2
0
0
0
0
0
0
9
0
0
9
0
14
0
0
0
-4
-89
0
119
0
0
162
-6
21
0
0
22
0
-94
0
0
0
0
0
69
-2647
0
0
0
0
0
0
0
0
8
0
0
0
0
0
0
0
0
0
0
0
0
0
0
-30
-12
0
0
0
0
0
0
-39
26
0
0
39
0
-27
9
0
-135
0
-100
5
0
0
0
39
0
0
0
0
56
0
-39
0
0
109
0
-36
0
0
5
-10
0
0
59
0
0
47
25
0
0
0
0
-1
0
0
0
0
0
33
0
0
20
0
0
0
0
-80
0
0
0
0
0
39
0
-7
0
0
0
-20
0
0
0
0
0
0
0
-121
0
-47
-76
0
0
0
0
0
0
0
0
0
0
0
-225
-63
36
0
-13
0
0
0
0
0
-52
0
0
0
0
0
0
-63
0
0
0
0
-56
0
0
0
0
0
0
0
0
0
-10
0
0
0
0
0
20
0
0
0
0
-119
69
0
0
0
0
0
0
0
0
0
0
0
0
0
54
-12
-2
2
0
-22
0
0
0
-142
0
0
-65
183
36
0
0
0
45
9
-30
-135
0
0
0
-2
0
-2
0
0
-270
134
45
0
0
9
0
0
0
45
27
17
0
0
0
0
8
0
0
0
55
0
0
0
22
0
0
0
-14
0
0
0
0
0
-110
-2
0
0
-121
-55
-131
-29
0
-254
0
57
0
-45
0
0
0
0
0
0
0
-49
70
0
0
0
0
0
0
35
0
9
0
-18
0
0
0
0
0
0
0
-39
0
-19
0
0
0
0
0
0
13
5
-2
0
0
0
0
0
0
0
0
0
0
26
0
27
46
0
0
43
0
-137
0
0
0
0
0
8
0
0
0
0
0
0
-40
0
0
0
0
0
226
0
0
31
111
0
11
0
0
38
7
0
0
0
0
0
0
0
0
0
0
0
13
6
0
-52
0
0
0
-60
0
-1922
0
0
0
0
0
0
0
0
0
0
0
21
0
0
0
-20
0
0
0
0
-21
0
0
12
0
0
-507
0
0
0
0
0
0
0
0
0
0
0
0
0
0
18
0
0
0
32
18
0
0
0
0
0
0
0
29
0
0
0
0
0
0
0
0
0
0
0
0
0
0
0
0
57
25
0
0
0
0
-47
0
0
0
0
0
0
0
-45
0
0
49
0
0
0
0
0
-101
0
0
-8
48
0
0
0
0
0
0
0
0
0
-7
0
0
0
0
0
62
0
0
0
0
0
-11
0
0
0
-144
16
-110
0
0
0
0
0
1
0
0
0
8
0
0
0
9
-7
0
0
0
0
0
0
0
-194
0
0
95
0
-24
0
4
0
0
0
0
0
61
0
31
3
48
0
0
0
0
0
21
0
0
0
0
0
134
6
92
0
0
-8
0
65
0
0
0
0
0
0
0
0
0
0
0
1272
0
110
0
6
198
0
63
0
0
0
0
0
0
0
0
0
0
0
0
-57
73
0
0
0
0
0
0
0
335
0
0
0
0
-35
0
0
0
0
0
13
28
0
0
0
0
0
0
0
0
0
0
0
0
0
54
0
0
0
-75
13
0
0
-15
0
0
-31
0
0
0
-31
0
0
0
0
0
-38
0
0
0
0
0
0
-107
0
0
-87
0
0
0
0
-9
-265
0
0
0
0
0
0
0
0
-411
0
0
0
0
0
0
0
0
0
0
0
0
0
21
0
0
0
0
-47
0
0
17
55
0
0
0
0
0
5
0
0
0
-22
0
0
0
-5
0
0
0
40
0
0
29
51
0
0
26
18
0
0
0
0
0
0
-11
0
-10
0
0
-30
-23
-28
-117
0
0
0
0
-4
76
0
0
0
0
-14
0
0
0
0
-30
0
0
0
0
1178
6
-822
0
0
0
3
2990
-26
2
12
3
0
0
0
0
0
-61
0
0
0
0
0
0
0
0
0
0
18
0
0
0
0
0
0
0
0
0
0
0
0
0
0
0
0
-43
0
0
0
125
0
0
0
0
0
0
138
0
-8
-51
-1225
0
0
0
0
0
0
-12
0
0
0
0
0
0
0
178
0
0
0
95
0
0
0
0
0
0
0
0
0
-5
0
0
0
0
0
0
0
0
0
0
0
0
0
0
-4
3
0
0
0
-6956
0
0
-5
-61
0
0
0
0
0
0
0
-10
0
0
0
0
-59
9
0
225
0
0
0
0
-7
0
0
-28
-35
0
0
0
0
0
0
0
0
0
0
0
0
4
0
0
-46
0
0
0
-589
0
0
-15
0
0
0
0
0
-35
0
0
0
-121
-304
0
0
0
129
11
-78
-4
0
-35
0
0
0
0
0
-192
0
0
0
-31
0
0
-24
0
0
0
0
0
0
0
-62
571
0
0
0
0
0
0
0
0
-4
0
-20
-46
0
0
0
-30
0
0
-353
0
0
0
0
31
28
0
109
0
0
0
0
0
0
0
0
0
-58
0
3
0
0
0
0
-59
-167
0
0
0
0
0
0
-44
0
-7
0
0
0
0
-421
0
0
0
-853
0
0
0
-156
-55
0
0
0
0
0
0
0
30
0
0
0
0
0
22
0
38
8
0
-3
0
0
0
0
0
-3
119
0
39
102
0
-5
-17
23
-27
0
0
0
0
0
0
0
0
0
0
-77
0
0
0
0
47
0
0
4
0
0
0
4
0
0
0
-33
0
0
0
0
0
0
0
0
0
0
0
0
0
0
3
0
0
0
0
0
0
0
0
0
0
0
0
0
0
0
0
0
0
0
0
0
0
0
0
0
-134
0
0
0
3670
20
0
0
0
0
138
0
0
0
23
0
0
-3
0
0
-2
-429
-1
-57
0
0
-4
0
-76
0
0
0
1411
0
-23
0
47
0
20
0
0
0
0
0
0
0
0
0
0
0
0
0
0
3
0
0
0
0
32
0
0
0
0
0
0
31
0
0
-3
0
0
0
-44
0
0
53
0
11
-55
0
0
0
0
63
0
-77
46
0
-13
0
0
0
0
0
0
0
0
0
0
0
22
0
31
-2
0
42
0
0
0
0
-23
0
0
0
0
1922
-43
0
0
0
0
0
-128
-3
0
0
0
0
0
0
0
0
0
0
0
0
0
0
0
0
0
53
0
3
0
-11
10805
-11
0
0
-18
0
0
0
-594
0
0
0
0
107
0
0
7138
55
0
19
0
0
0
0
-95
-60
4
0
0
0
0
0
211
0
0
0
0
0
0
30
0
0
0
0
18
0
0
0
0
0
0
0
0
0
6
0
0
-20
-28
0
0
0
0
0
79
-49
0
-114
-3
233
-117
-39
0
0
4
1
0
-6
87
0
0
-111
131
-6
0
0
30
-1
0
0
27
0
0
-29
0
-22
0
0
0
0
-1
0
0
-28
0
0
0
0
0
-94
0
0
0
0
0
0
0
0
0
0
4
0
-56
-11
2
0
0
-38
0
0
0
0
-37
0
0
9
0
-25
3
0
0
0
0
0
0
0
-18
0
0
0
0
0
-20
0
0
-27
0
0
0
0
0
-8
0
0
0
0
0
0
0
0
0
0
-25
0
0
-31
0
0
0
0
0
0
0
0
-59
-13
0
0
0
-39
0
0
0
-115
-92
-38
0
0
0
0
0
-1
0
0
113
0
0
0
0
0
-162
0
133
0
0
0
0
0
0
39
0
0
0
0
0
0
0
0
0
0
0
0
10
0
0
0
0
0
44
0
-3
0
0
0
0
0
0
0
0
0
0
0
-11
0
0
0
0
0
0
0
0
0
0
0
0
0
0
0
-6
0
0
0
0
90
0
0
-1
0
0
24
0
-125
0
0
0
0
0
0
0
0
0
0
0
0
0
-16
0
0
0
0
31
0
0
0
0
0
0
-106
0
131
0
0
-55
0
0
0
0
0
0
0
27
28
0
-46
-13
6
0
0
0
0
0
0
0
431
0
0
-100
7
94
0
0
0
9
-1300
0
0
0
0
0
7
0
1
-8
0
0
0
0
-3
83
62
-3
0
0
0
0
124
0
0
-88
0
0
6792
0
0
4
0
0
0
-119
0
0
0
0
0
0
0
0
0
0
0
-63
0
-156
0
66
4
0
0
0
0
-103
0
0
0
0
0
0
0
0
0
0
24
0
0
0
0
0
0
0
9
0
-1800
0
0
111
0
0
0
0
0
0
0
0
0
4
0
-31
0
0
0
0
-1
0
0
51
19
9
0
316
31
-38
0
101
0
0
-126
-13
15
0
0
0
0
0
-14
0
0
0
0
0
-28
0
0
0
-47
0
0
0
0
0
0
0
-4
-36
0
0
6
0
-9
0
0
0
0
60
0
0
0
0
185
0
0
0
0
0
-19
0
72
0
0
0
0
-64
-7
5
0
0
0
0
0
54
0
0
0
0
0
0
0
0
0
45
0
71
0
0
0
0
0
0
0
0
0
0
0
0
0
0
0
0
0
0
0
0
0
0
0
0
0
-4
0
0
0
0
39
0
-31
0
0
0
0
-13
0
0
0
-19
61
0
18
0
0
0
0
0
0
0
6
0
0
0
-6437
0
0
0
0
0
10
31
0
0
0
0
0
0
-7
-1026
0
0
0
0
0
0
-72
290
0
62
37
0
-4
0
0
0
-16
-27
8
-226
94
-11
0
3
0
0
28
0
0
0
0
68
33
0
0
-47
0
0
13
-42
0
0
34
129
0
25
-73
-138
0
0
0
0
0
0
0
0
-22
0
0
0
0
0
855
0
24
0
0
46
-30
0
91
0
0
4
0
0
0
0
0
0
0
0
0
0
0
0
0
0
0
0
0
0
52
0
0
-48
0
0
-61
0
0
0
0
14
0
10
0
10
0
1
-53
-138
44
0
0
0
76
0
0
0
0
-11
-5
0
0
0
0
0
0
0
19
0
0
-23
0
0
0
0
0
0
0
0
0
-244
0
0
0
-18
0
0
0
0
0
-58
-99
0
47
0
0
0
0
0
2
5
0
0
-3
0
0
0
0
0
94
0
-41
0
0
10
-50
30
0
0
0
0
0
0
0
0
0
0
0
0
0
36
0
0
0
0
0
0
123
0
0
0
0
0
0
0
0
-10
0
0
0
-109
0
0
0
0
-92
-107
0
-10
0
-177
0
0
0
0
0
0
-15
22
0
0
17
0
0
72
0
0
-13
0
0
0
0
0
0
0
-39
-18
0
0
-27
-56
0
0
0
0
0
0
-91
0
0
0
0
0
0
0
0
0
0
2
0
0
-78
0
0
-7
0
0
733
0
0
0
0
0
0
0
0
0
0
0
0
0
0
0
0
0
0
0
0
63
38
0
0
0
0
0
0
0
0
-128
-24
-53
0
0
-3017
0
0
0
0
0
0
0
0
0
108
0
3
0
0
0
0
0
14
-46
0
-40
69
0
0
0
63
0
-119
119
0
413
0
0
0
0
0
-30
7
0
0
11
0
0
0
0
0
63
15
0
0
0
0
1
0
0
0
-87
-45
0
-26
75
0
117
0
0
0
0
0
5
0
-36
0
0
0
0
-6
0
0
0
0
0
0
0
0
0
90
0
0
0
7
10
0
0
6
0
0
0
0
0
0
0
0
-63
-32
0
-57
0
0
0
0
38
0
-4
0
0
29
0
18
-6
41
30
-150
23
9
31
69
0
-62
0
0
0
0
0
0
0
120
-63
0
-86
0
0
3423
0
0
-134
0
0
0
60
0
38
0
0
0
0
0
0
31
0
14
-47
0
0
0
0
0
0
0
0
0
0
-506
20
0
0
0
0
108
0
4
0
15
0
0
0
72
0
0
0
30
0
0
-12
0
0
0
96
0
0
0
0
-245
-51
0
0
0
0
0
0
0
0
0
0
-93
-76
-22
-129
84
12
0
0
69
-6
19
-55
-424
0
0
0
0
0
0
0
0
0
0
0
0
0
0
3
0
0
-70
0
0
0
0
0
71
0
0
40
0
0
0
18
0
853
65
0
0
0
16
0
0
-2
0
0
161
0
-40
0
-33
0
-120
-8
0
0
0
0
0
-45
-68
0
0
0
0
0
-65
0
0
0
0
0
0
0
0
0
0
0
0
0
0
0
0
0
-1
0
0
0
8
32
0
0
-28
0
151
0
0
26
0
0
0
0
0
0
0
0
0
-22
0
0
-116
0
-108
0
0
-53
0
1
0
0
31
-47
0
-38
11
0
31
0
-4
0
-71
-87
0
0
0
0
0
62
130
0
0
0
0
-18
0
0
0
0
0
6
0
0
2
0
0
0
0
0
0
0
0
0
0
75
0
0
0
48
0
0
0
0
0
-31
-1
0
0
0
0
0
0
0
0
0
20
0
0
0
0
0
0
0
0
-1
0
-53
0
9
-1
0
0
9
-111
14
24
0
0
0
0
0
0
0
-41
0
0
0
0
-160
-9
0
112
0
-59
0
-115
0
0
0
0
-13
0
0
0
0
0
0
0
0
0
0
0
0
0
0
0
-2575
0
0
0
14
27
-4
0
6561
0
62
0
3
-67
0
0
0
0
0
0
0
0
0
4
0
0
0
0
87
0
0
0
0
0
-1
0
0
0
0
0
0
0
100
2
0
-5
0
0
0
0
34
0
0
0
0
-9
0
0
0
5
0
0
0
0
0
-46
0
0
0
0
-93
0
0
0
0
38
3
0
0
5
0
0
0
0
0
0
0
0
2
0
15
2
0
-8
0
18
36
0
0
0
-31
0
394
6
-31
0
0
0
0
0
107
0
0
4
0
0
0
0
0
-75
-23
0
0
0
-30
0
-39
0
0
0
107
0
0
0
0
0
0
0
60
0
44
0
25
0
0
0
0
0
0
0
0
4
0
0
31
0
0
0
0
0
0
0
0
0
-20
0
282
0
0
0
1
-288
0
0
0
60
0
0
0
0
0
-2
0
5
-11
0
0
0
0
0
0
-112
0
0
10
0
-269
0
0
0
0
0
0
42
0
0
51
0
8
-40
0
0
0
0
0
0
0
0
0
0
0
0
135
0
0
9
8
0
0
0
0
-35
0
0
0
0
0
-109
0
0
0
0
0
0
-11
0
31
0
0
0
0
0
0
0
0
0
38
0
0
0
0
-39
0
0
0
0
0
0
47
0
0
117
0
0
0
3
0
0
0
0
0
0
0
0
0
0
0
0
0
0
0
0
0
0
0
0
0
0
26
106
-41
0
0
0
0
0
0
0
9
0
0
0
33
0
0
16
-115
1
-5
0
0
0
0
-55
-18
0
-6
0
0
0
119
0
0
0
0
46
0
-60
-25
0
23
0
0
0
0
0
0
0
0
0
0
0
0
0
0
0
0
0
36
0
0
-2
0
0
-5
0
81
-111
0
0
0
0
0
0
0
0
-13
0
0
0
0
0
-323
0
-134
0
5
0
0
0
-2235
0
0
0
-131
0
-77
0
0
0
0
0
0
0
0
0
0
4
0
0
0
0
23
0
0
0
0
0
0
0
0
0
0
100
0
0
0
0
0
0
0
0
0
92
561
0
0
5
0
0
0
0
0
0
-4
0
0
0
51
-189
0
0
0
-6
0
0
0
0
-149
0
0
0
0
0
-25
0
0
0
0
115
0
0
0
63
0
0
-4
0
0
0
0
0
0
0
1
-13
0
-51
0
0
0
0
104
0
0
0
0
0
0
0
78
0
0
0
0
0
0
0
0
-23
-70
-31
0
-571
0
0
0
0
0
72
7
0
0
0
0
0
0
0
21
0
0
0
0
0
0
0
0
0
18
0
18
33
15
0
-262
55
0
0
0
192
0
-5
0
0
0
0
0
0
0
53
0
0
0
0
0
0
0
0
0
2359
0
0
0
-37
0
0
0
0
167
0
0
0
0
0
55
0
0
0
0
0
-116
0
-16
0
0
0
0
0
0
0
0
0
1561
0
0
0
12
0
0
0
0
0
0
0
0
0
-119
0
101
0
0
0
0
0
1
0
0
-38
0
0
0
77
0
0
0
0
59
0
-5
-159
14
0
0
0
0
353
0
-63
0
0
0
0
65
0
54
0
0
20
0
-4
0
0
-6
0
0
-416
68
0
-112
0
-123
0
153
0
0
0
1
0
30
0
0
-14
0
0
40
0
-19
-10
0
0
0
0
-13
121
0
-7
0
-10
0
78
-26
-5
0
0
-35
0
0
0
0
0
8492
0
0
265
46
-31
11
0
0
16
0
-3
0
0
-151
0
0
39
0
0
0
0
44
0
0
52
0
0
0
0
0
0
0
0
0
0
10
0
0
0
-25
0
0
0
0
0
0
0
0
-30
-161
126
0
0
33
63
0
0
0
0
0
0
0
0
0
0
0
0
0
0
0
27
76
0
0
0
-71
0
0
31
44
0
12
0
0
0
0
0
0
0
121
0
0
44
-733
0
0
0
0
-39
0
8
0
0
0
0
70
0
0
-6
0
0
22
0
0
0
0
0
-72
0
0
0
41
0
0
0
0
0
0
0
2
0
0
0
0
0
0
0
0
-6
-1
101
0
0
0
0
0
22
0
0
0
0
0
-19122
97
3640
-8145
0
4769
18467
294
5964
0
193
0
-1808
-7732
-3814
-9871
-1503
-5617
3183
0
0
-738
8657
9045
24689
-1629
7
-14983
-1582
-3140
8
475
2092
286
-1327
5407
97
-6628
4244
-115
-718
90
-1129
-373
2635
-4039
101
-4186
5901
-284
-319
-1559
20
-186
8
-1097
2127
-912
-444
-15
-284
8533
-4898
4748
27
3261
158
-102
-2192
-895
-522
-4
2191
-284
193
1309
8996
-1008
2443
3471
513
7
8
25
-107
21
-718
-242
-250
-838
53
-1629
57
636
2186
-837
-8523
209
638
18
-1150
63
-718
0
-663
481
-234
5097
3799
-7323
-6984
9
406
-1032
5562
-738
-89
-11714
9
-150
-86
-1220
-3814
101
-256
-1038
-30
-1906
0
30917
-930
-33
-1129
90
-700
-574
-7578
3506
117
-927
7
-248
8657
-3112
-1275
-7
2478
-13
-4077
-6859
6003
-113
-4186
-1607
-5625
-2302
0
-373
68
80
1865
3345
65
-756
-421
90
-409
-2703
-670
547
-603
166
-1080
3832
76
5672
27
-146
-100
-738
0
-354
-81
430
-2651
-63
185
-1138
3156
-6655
-2992
828
-1120
-2736
4116
-1470
