0
0
0
0
0
0
0
0
0
0
0
1
0
0
0
0
84
0
0
0
0
0
0
0
0
0
0
8
0
-160
0
0
0
0
0
0
0
0
0
0
0
0
0
-2
0
0
0
0
0
0
0
0
0
0
0
0
0
0
0
0
0
0
0
0
0
-2
0
0
0
0
0
0
0
0
0
0
0
79
0
0
97
0
0
0
0
0
0
0
0
0
0
0
0
0
0
0
0
0
0
0
0
0
0
0
-6
0
0
0
99
25
0
0
0
0
0
0
0
0
0
0
0
0
8
0
0
0
0
0
0
0
0
0
0
0
0
0
0
0
0
0
0
0
0
0
0
0
0
0
0
0
0
0
0
0
0
0
0
0
0
188
0
0
0
0
0
0
0
0
0
0
-87
0
0
0
0
0
0
0
0
-1
0
0
0
0
0
0
0
0
0
0
0
0
0
0
0
0
30
0
0
0
0
0
0
0
0
0
0
0
0
97
0
0
0
0
0
0
0
0
0
0
0
0
0
-62
0
0
0
0
0
0
0
0
0
0
0
0
0
0
0
-213
100
0
0
0
0
0
0
100
0
0
0
0
0
-42
-33
0
0
0
0
0
0
0
0
0
0
0
0
0
0
0
0
0
0
0
0
0
0
0
0
0
139
0
0
0
0
0
0
0
0
0
0
0
0
0
307
0
0
-19
0
0
0
0
0
0
0
0
0
0
0
0
0
0
0
-696
0
-94
0
0
0
0
0
0
0
0
0
0
0
0
0
0
0
0
0
0
0
0
0
0
0
0
0
0
0
0
0
0
-478
0
0
0
0
0
0
0
0
0
0
0
0
0
0
0
0
0
0
0
0
0
0
0
0
0
0
0
0
0
0
0
0
0
0
0
0
0
0
7
0
0
0
0
0
0
0
0
0
0
0
0
0
0
0
0
-19
0
0
0
0
0
0
0
0
0
0
0
0
0
0
0
0
0
0
62
0
0
0
0
0
0
0
0
0
0
0
0
0
0
0
0
0
0
0
0
0
100
0
0
93
0
75
0
0
0
0
0
0
0
0
0
0
0
0
0
0
0
0
0
200
0
0
0
0
0
0
80
234
0
0
0
0
0
0
0
0
0
0
0
0
0
0
0
0
0
0
-14
0
0
0
0
0
0
0
0
0
0
0
0
0
52
0
0
0
0
0
91
0
0
0
-1
0
0
-8
0
0
0
0
0
0
40
0
0
0
0
0
0
100
0
0
0
0
0
0
0
0
0
32
-1
0
0
0
0
0
0
0
0
0
0
0
0
0
-52
0
0
0
0
0
0
0
0
0
0
0
0
0
0
0
0
0
0
0
0
0
0
0
0
0
0
0
0
0
100
0
0
0
0
0
0
0
0
0
0
0
-169
0
0
0
0
0
0
0
0
0
0
0
0
56
0
0
0
0
0
0
0
0
0
0
0
0
0
0
0
0
0
0
0
0
0
0
0
0
0
0
0
0
0
0
0
0
0
0
0
833
0
50
0
0
0
0
0
0
0
0
0
0
100
0
0
0
0
0
0
0
0
0
0
0
0
0
0
0
0
0
0
0
0
0
0
0
0
0
0
0
0
0
0
0
0
0
0
0
0
0
0
0
0
122
0
0
0
0
0
0
0
0
0
0
0
0
0
0
0
-84
0
0
0
0
0
0
194
0
0
0
0
0
0
0
0
0
0
97
0
0
0
0
0
0
0
0
0
0
0
0
0
0
0
0
0
0
0
0
0
0
2
0
0
0
0
0
0
851
0
117
0
0
0
0
0
0
0
0
0
140
0
0
0
0
0
0
152
0
0
0
0
0
0
0
0
0
0
-17
0
66
0
0
0
0
0
479
0
0
0
0
0
0
0
0
0
0
0
0
0
0
0
0
0
0
0
0
0
0
0
0
0
-41
0
0
0
0
-210
0
1078
0
0
0
0
0
0
0
0
0
0
0
0
0
0
0
0
0
0
0
0
0
0
0
0
0
32
0
0
0
0
0
0
0
0
0
0
0
0
0
0
0
97
0
0
0
0
0
0
0
0
0
0
0
0
0
0
0
0
0
0
0
0
0
0
0
0
0
0
100
0
0
0
0
0
0
0
0
0
0
0
0
0
0
0
0
0
0
0
0
0
0
0
0
0
0
0
0
0
0
0
0
0
0
0
0
0
0
0
0
0
0
0
0
0
0
0
0
0
27
0
5
0
0
0
0
0
0
0
0
0
0
0
0
-75
0
0
0
0
0
0
0
0
0
0
0
0
0
0
27
0
0
0
0
25
0
0
0
0
0
0
0
0
0
0
0
0
0
8
0
0
-8
0
0
0
0
98
0
-99
0
0
0
0
0
0
0
0
0
0
0
-91
0
0
0
0
-3
0
0
0
0
0
0
0
0
0
0
0
0
0
0
0
-37
0
0
0
0
0
0
0
0
0
125
0
0
0
0
0
0
0
0
0
0
63
0
0
0
0
0
0
0
0
0
0
0
-85
0
0
0
0
0
0
0
0
0
0
0
0
0
0
0
0
0
97
0
0
200
32
0
0
0
0
0
0
0
0
0
0
0
0
0
0
0
0
0
0
0
0
0
13
0
0
0
-182
0
0
0
0
0
0
0
0
0
0
0
0
0
0
0
0
-112
0
0
0
0
0
-78
0
0
0
0
0
0
0
0
0
0
0
0
0
0
42
0
0
0
0
0
0
0
0
0
0
0
0
0
0
0
0
0
14
0
0
0
0
0
0
0
0
0
0
0
0
-8
0
0
0
0
0
0
0
0
0
0
0
0
0
0
0
0
0
0
0
0
0
0
0
0
0
0
0
0
0
-2
0
0
0
0
0
0
0
0
0
0
0
0
0
0
0
0
0
0
0
45
0
0
0
0
0
0
0
0
0
0
0
0
0
-18
0
0
0
0
0
0
0
0
0
0
0
0
0
0
100
0
0
0
0
389
0
0
0
0
0
0
0
0
0
0
0
0
0
0
0
0
0
0
0
0
0
-3
0
0
0
0
0
0
0
0
0
0
0
0
0
0
0
0
0
0
0
0
16
0
0
0
0
0
0
0
0
0
0
0
73
0
0
0
0
0
0
0
100
0
0
0
-13
0
0
0
0
0
0
0
0
0
0
0
-100
0
0
0
0
0
0
0
0
0
0
0
0
0
0
0
0
0
0
0
0
0
0
0
0
0
0
0
0
-82
0
0
0
0
0
0
0
0
0
0
0
0
0
0
0
0
0
614
0
0
0
0
0
0
0
0
0
0
0
0
0
0
0
0
0
0
-1
0
72
0
100
0
0
-133
0
0
0
0
0
0
0
0
0
0
0
99
0
0
0
0
0
0
0
0
0
526
0
0
0
-99
0
0
0
0
0
0
0
0
13
0
0
25
194
0
0
0
0
0
0
0
0
0
0
0
0
0
0
0
0
0
0
0
0
0
0
0
0
0
0
0
0
0
0
0
0
0
0
0
449
0
0
0
0
12
0
0
0
0
0
0
0
0
0
0
0
0
0
0
0
0
0
0
0
0
0
0
0
0
0
0
0
0
0
0
0
92
0
0
0
0
0
0
0
0
0
0
0
0
0
0
0
0
0
167
0
0
0
0
0
0
0
0
0
0
0
-65
0
0
0
0
0
0
0
0
0
25
0
0
0
0
0
0
0
0
319
0
0
0
0
0
0
0
0
0
0
0
0
1
0
0
0
0
0
0
0
0
0
0
0
0
0
0
0
0
0
0
0
0
0
0
0
101
0
0
0
0
0
0
0
0
266
0
0
0
0
0
0
0
-1
0
0
0
0
0
0
0
226
0
0
0
100
0
100
0
0
0
0
0
0
0
0
0
0
151
0
0
0
0
0
0
-78
0
0
0
0
0
0
0
0
0
0
0
0
0
0
0
0
0
0
0
0
0
0
0
0
0
100
0
0
0
0
0
0
0
0
0
0
0
0
0
0
78
0
0
0
0
0
0
0
0
0
0
0
0
0
0
0
0
0
0
0
0
0
73
0
0
0
0
0
0
0
0
0
0
0
0
0
0
0
0
0
0
0
0
0
0
0
0
0
0
0
0
0
0
0
0
0
0
0
0
0
0
0
0
0
0
0
0
0
0
0
72
0
0
0
0
-99
0
125
0
0
0
0
0
0
0
0
0
0
0
0
0
0
0
0
0
0
0
0
0
0
0
0
0
0
0
0
0
0
0
0
0
0
0
0
0
0
0
0
0
0
24
0
0
0
0
0
0
0
0
0
0
0
0
0
0
0
0
0
0
0
0
0
0
0
0
0
0
0
0
0
0
0
0
0
0
0
0
0
0
0
0
0
0
0
0
0
0
0
0
0
0
0
0
0
0
0
0
0
0
0
0
0
0
0
0
0
0
0
0
0
0
0
0
0
0
0
0
0
0
0
-11
0
20
0
0
0
0
0
0
0
0
0
0
0
0
0
0
0
100
0
0
0
0
0
0
0
0
0
0
0
0
-1
0
0
0
0
0
0
0
0
0
0
0
0
0
0
0
0
0
0
0
-2
0
0
0
0
0
0
-50
0
0
0
0
0
0
98
0
100
0
0
0
0
0
0
0
0
0
0
100
0
0
13
0
-80
0
0
0
0
0
0
0
0
0
0
0
0
0
0
0
0
0
0
0
-2
0
0
0
0
0
100
0
0
0
0
0
0
0
0
0
0
0
0
0
0
0
0
0
-80
0
0
0
0
0
0
0
0
0
0
0
0
0
0
0
0
0
0
0
0
0
0
8
0
0
0
0
0
0
0
0
0
0
0
0
0
0
-66
0
0
0
0
0
0
0
0
0
0
0
0
0
10
100
0
0
0
0
100
0
0
0
0
0
127
0
0
0
0
0
0
-1
0
0
0
0
0
2
0
0
0
0
0
0
0
0
0
0
0
0
0
0
0
0
50
0
0
0
0
0
0
0
0
0
0
0
8
0
0
0
0
0
0
0
0
0
0
0
0
0
0
0
200
0
0
0
0
0
0
0
0
0
0
0
0
0
0
0
0
0
0
0
0
0
0
0
0
0
0
0
0
0
0
0
0
0
9
0
0
0
0
84
0
0
0
0
0
0
0
0
0
-21
0
0
232
0
0
0
0
0
0
0
0
0
0
0
0
0
0
0
-25
0
0
0
0
0
0
0
10
0
0
0
0
0
0
0
0
0
0
0
0
0
0
0
0
0
0
0
0
0
0
0
0
0
0
0
0
0
0
0
0
-99
0
40
0
0
0
0
0
0
0
0
0
0
0
0
0
0
0
0
0
0
0
0
0
0
0
0
0
0
0
0
0
0
0
0
-76
0
0
0
0
0
0
0
0
0
0
0
0
0
0
0
0
0
0
0
0
0
0
0
0
0
0
0
0
0
0
0
0
0
0
0
-32
0
0
0
0
0
0
0
0
0
0
0
0
-21
0
0
0
0
0
0
0
100
0
0
0
0
32
0
0
0
0
0
0
0
0
0
0
0
0
0
0
0
0
0
0
0
0
0
0
0
0
0
0
0
0
0
0
14
0
0
0
0
0
0
0
0
0
0
0
0
0
0
0
-98
0
0
0
0
0
0
0
0
0
0
0
0
0
0
0
0
0
0
-99
0
0
0
0
0
1
0
0
-12
0
0
0
0
0
0
0
0
0
0
0
0
0
0
0
0
0
0
0
0
0
0
0
-13
0
0
0
0
0
0
0
0
0
95
0
0
0
0
-100
0
0
0
-34
0
0
0
0
0
0
0
0
0
0
0
0
0
0
0
0
0
0
0
0
0
-1
0
0
0
0
0
0
25
0
0
-188
0
0
0
0
0
0
25
0
0
0
0
0
0
0
0
0
0
0
0
79
0
99
0
0
0
0
0
0
0
0
0
0
0
0
0
0
0
0
0
224
0
0
0
0
0
0
0
0
0
0
0
0
0
0
12
0
0
0
0
0
0
0
0
0
0
0
0
0
0
150
0
0
0
0
0
0
0
0
0
-143
0
0
0
0
0
0
0
0
0
0
0
0
0
0
0
0
0
0
0
0
0
0
0
0
0
0
-671
0
0
0
0
0
0
0
0
0
0
0
0
0
0
-5
0
0
0
0
0
0
0
100
0
0
0
0
0
0
0
0
0
0
0
0
0
0
0
0
0
0
0
0
0
179
316
0
0
0
0
0
0
0
0
0
0
0
0
0
0
0
0
10
0
0
0
0
0
0
0
0
32
0
0
0
0
0
0
0
0
0
0
0
0
0
0
0
0
0
0
0
0
0
0
0
0
0
0
0
0
0
0
0
0
0
0
0
0
0
0
0
0
0
0
-18
0
0
0
0
0
0
0
0
0
0
0
0
-77
0
0
0
0
25
0
0
-64
0
273
0
0
0
0
0
0
0
0
0
0
0
0
0
0
0
0
0
0
0
0
0
0
0
0
0
100
0
0
0
0
0
0
60
0
0
0
0
0
0
0
0
0
0
100
0
0
0
0
0
0
0
0
0
-3
0
0
24
0
0
0
0
0
0
0
0
0
0
0
0
0
0
0
0
0
0
0
0
0
0
0
0
0
0
0
0
0
0
0
0
0
0
-12
202
0
0
0
0
0
0
0
75
0
-19
0
0
35
0
0
0
0
0
0
0
0
0
0
96
0
-19
0
0
0
0
0
0
0
0
0
0
0
0
0
0
0
0
0
0
0
0
0
0
0
0
25
0
0
0
0
0
0
0
0
0
0
0
-1
0
0
0
200
0
0
0
0
0
0
13
0
0
0
0
0
0
0
0
0
10
0
99
0
0
0
0
0
0
0
0
0
0
0
0
0
0
0
-18
-192
0
0
0
0
0
0
0
0
0
0
0
0
0
0
0
0
0
0
0
100
0
0
2400
0
0
0
0
0
0
112
0
0
0
-3
0
0
0
0
0
0
0
9
0
0
0
0
0
0
0
0
0
0
0
0
0
0
0
0
0
0
0
0
0
0
0
0
0
0
0
0
0
0
0
0
0
0
0
0
128
0
0
0
132
0
0
0
0
0
0
0
0
0
73
0
0
0
0
97
0
0
0
0
0
0
0
0
0
0
0
0
0
46
0
0
0
0
0
0
0
0
0
0
0
0
0
0
0
0
0
0
0
0
0
0
0
0
0
0
0
0
0
0
0
0
0
0
0
0
0
0
0
21
0
0
49
0
0
0
0
0
0
0
0
0
0
0
126
0
0
0
0
0
0
0
0
0
0
0
0
0
-187
0
0
0
0
0
0
0
0
0
0
0
0
0
0
0
0
0
7
0
-57
0
0
0
0
0
0
0
0
-80
0
0
0
0
0
0
0
0
0
0
0
0
0
0
0
0
0
0
0
0
0
0
0
0
0
0
0
0
0
0
0
0
0
0
-94
0
0
0
0
0
0
0
0
0
0
0
0
0
0
0
0
0
8
0
0
0
0
0
0
0
0
0
0
0
0
0
0
0
0
0
0
0
0
0
-97
0
0
0
0
0
0
0
0
25
0
0
0
0
0
0
0
0
0
0
0
0
0
0
0
3
0
0
0
0
0
0
0
0
0
28
0
0
0
0
0
0
0
0
0
0
0
0
0
0
0
0
0
0
0
0
0
0
0
0
0
0
0
0
0
0
0
0
0
0
0
0
0
0
0
0
0
0
0
0
0
0
0
0
0
0
0
0
0
0
0
0
0
0
0
0
0
0
0
0
0
0
0
25
0
0
0
0
0
0
0
-98
0
0
0
165
0
0
0
0
0
0
0
0
0
0
0
0
6
0
0
0
0
0
0
0
0
0
0
0
0
0
0
14
0
0
0
86
0
0
0
0
0
0
0
0
0
0
0
0
0
0
0
0
68
0
0
37
0
0
0
0
0
0
36
0
0
0
0
-53
0
0
0
0
0
0
0
100
0
-94
0
0
0
0
0
0
0
0
0
0
0
0
0
0
0
0
0
0
0
0
0
0
0
19
0
0
0
0
0
0
0
0
0
0
0
0
277
0
0
0
0
0
0
0
0
0
0
0
0
0
0
0
0
0
0
0
0
0
0
0
0
0
0
0
76
0
22
1555
-12
0
0
0
0
0
0
-18
0
0
0
0
3
0
0
302
100
0
164
0
0
0
0
0
0
0
0
0
0
0
0
0
0
0
0
0
0
0
38
0
0
0
0
0
0
0
0
0
0
0
0
0
0
0
0
0
0
0
0
0
0
0
0
0
0
0
0
0
100
0
0
0
0
0
0
0
0
0
0
0
0
0
0
0
0
0
-40
0
0
0
0
0
0
0
0
0
0
0
0
100
0
0
-27
0
0
0
101
0
0
0
0
0
0
0
0
0
0
0
0
0
0
0
0
0
0
0
-3
0
0
0
0
0
0
0
0
0
0
0
0
0
0
0
0
0
0
0
0
0
0
0
0
0
53
0
0
0
0
0
0
0
0
0
101
0
0
0
0
0
0
0
0
0
0
0
0
0
0
0
0
0
0
0
0
-108
0
0
0
0
0
0
0
0
0
0
0
0
0
100
0
0
-20
0
0
0
0
0
0
0
0
4
0
0
0
0
0
0
0
0
33
0
0
0
0
0
0
0
0
38
0
0
0
0
0
0
0
0
0
0
0
-76
0
0
0
0
0
0
0
0
0
0
0
0
0
0
45
0
0
0
0
0
0
0
0
0
0
0
0
0
0
0
0
0
-27
0
0
0
0
0
36
0
0
0
0
0
0
0
0
0
0
0
0
0
0
0
0
0
0
200
0
0
0
0
0
0
0
0
-29
0
0
0
0
0
0
0
0
0
0
0
0
0
0
0
0
0
0
100
0
0
0
0
0
100
0
0
0
0
0
0
0
0
0
0
-1
-1
0
0
0
0
0
0
0
0
0
100
0
0
0
0
0
0
0
0
0
0
0
0
0
0
0
0
615
0
0
0
0
0
0
0
0
0
0
0
0
0
0
0
0
0
0
0
0
-45
0
-97
0
0
0
99
0
0
0
0
0
0
0
0
0
0
0
0
0
0
0
0
0
0
0
0
-1
0
2906
0
0
0
0
0
0
0
0
0
0
0
0
0
0
0
0
0
0
0
0
89
0
-84
0
0
0
95
-6
-32
0
0
0
0
0
0
0
0
0
0
0
0
0
100
0
0
0
0
0
0
0
0
0
0
0
0
0
0
0
0
0
0
0
0
0
0
0
0
0
0
0
0
0
0
0
0
64
0
0
0
0
0
99
0
0
0
0
0
0
-46
0
0
0
26
0
0
0
0
0
0
0
0
0
0
125
0
0
0
0
0
0
0
0
0
0
0
0
0
0
0
0
0
0
0
0
0
0
0
0
0
0
0
0
0
0
0
0
0
0
0
0
0
0
0
0
0
0
-54
0
0
0
0
0
0
0
0
0
0
0
0
0
0
0
0
0
0
-93
0
0
0
0
0
11
0
0
0
0
0
0
0
-1
62
25
0
0
0
0
0
100
91
58
0
0
0
0
0
0
0
0
0
0
0
0
0
0
0
0
0
0
0
0
0
0
67
1
0
0
0
0
0
0
8
0
0
0
156
0
0
0
-62
0
0
0
0
0
0
0
0
0
0
0
0
0
0
33
0
0
0
0
0
0
0
0
0
0
0
0
0
0
0
0
0
0
400
0
0
0
0
0
0
0
0
0
0
0
0
0
-11
0
0
-38
0
0
0
0
0
0
0
0
-2
0
3
0
-12
0
0
0
0
0
0
0
0
0
-62
0
0
0
0
0
0
111
0
0
0
0
0
0
0
0
0
0
0
0
0
0
-1
0
0
0
0
0
0
0
0
0
-21
0
0
0
0
47
0
0
0
78
-46
0
0
0
0
0
0
0
0
0
0
0
0
0
0
0
0
0
0
0
0
0
0
0
0
0
0
0
0
0
0
0
0
0
0
0
0
0
0
0
0
0
0
0
0
0
89
0
0
0
0
0
0
0
0
0
-3
8
0
0
0
0
0
0
0
0
0
0
0
0
0
98
0
0
0
0
0
0
0
0
0
0
0
0
0
0
0
0
0
0
0
0
0
0
0
0
0
0
0
0
0
0
0
0
0
0
56
0
0
0
0
0
0
0
0
0
0
0
0
0
0
0
0
0
0
0
0
0
0
0
0
0
0
0
0
0
0
0
0
0
0
0
0
0
0
0
0
0
0
0
0
0
0
-93
0
0
0
0
0
0
0
0
0
0
0
-5
0
0
0
0
0
0
0
0
0
0
0
0
0
0
0
0
0
0
246
0
0
0
0
0
0
0
0
0
0
0
0
0
0
0
0
0
78
0
0
0
-1
0
0
0
0
0
0
99
-17
0
0
0
0
0
0
0
0
0
0
0
0
0
0
0
0
0
0
0
0
0
0
0
0
-45
0
0
0
0
0
47
0
-99
0
0
0
0
0
0
0
0
0
91
0
0
0
0
0
0
0
0
-73
0
0
0
0
0
0
0
0
-117
0
0
0
0
0
0
0
0
0
0
0
0
0
0
0
0
0
0
0
40
0
0
0
0
0
0
0
0
0
0
0
0
0
0
0
0
0
0
0
0
0
0
0
0
0
0
0
0
0
-3
0
0
299
0
0
0
0
0
0
0
0
0
0
0
0
0
0
24
0
0
0
0
0
0
9
0
0
0
0
0
-84
0
0
0
0
0
0
0
0
0
0
-17
-67
-52
0
-67
0
46
0
0
0
0
0
-13
0
0
0
0
0
0
0
0
0
0
0
0
0
100
0
0
0
0
0
0
0
0
0
0
0
0
13
0
0
0
0
0
0
0
0
0
0
0
0
0
0
0
0
592
0
0
0
-1
0
0
0
0
0
100
0
0
0
-67
0
0
0
0
0
0
0
0
0
0
0
0
0
0
0
0
0
0
0
0
0
0
0
-1
0
0
0
0
0
0
0
25
0
0
0
0
-12
0
0
0
0
0
0
0
0
0
0
0
0
0
0
0
0
0
0
2
0
0
0
0
0
0
0
0
0
0
0
0
0
54
83
0
0
0
0
0
0
0
0
0
0
0
0
0
0
0
0
0
0
0
0
0
0
0
0
0
0
0
0
0
0
0
0
0
0
0
0
0
0
0
0
0
0
0
0
0
0
0
0
0
0
0
0
0
0
0
4
0
0
0
0
0
0
0
0
0
0
89
0
0
0
0
13
177
0
0
0
0
0
0
0
0
0
0
0
0
-51
0
0
0
0
0
0
0
0
0
0
0
0
0
0
0
0
0
0
9
0
0
0
0
0
0
0
0
178
0
0
0
0
0
0
0
1451
0
0
0
94
0
100
0
0
0
0
0
0
0
0
0
0
0
0
0
19
0
0
0
0
0
0
0
0
0
0
0
0
0
0
0
0
0
100
0
0
0
0
91
0
0
0
0
0
0
0
0
0
0
0
0
0
0
0
0
0
0
0
0
0
0
0
0
0
100
0
71
0
0
0
0
0
0
0
0
0
0
0
0
0
-45
0
38
0
113
0
0
0
0
711
0
0
0
0
0
0
0
0
0
0
0
0
0
0
0
0
-68
0
0
0
0
64
0
-11
0
0
0
0
0
0
0
0
0
0
0
197
0
-1
0
0
0
0
0
0
0
0
0
0
0
0
0
0
0
0
0
0
0
0
0
0
0
0
0
701
0
0
0
0
-97
0
0
0
0
0
0
0
0
0
0
0
0
0
0
0
0
0
0
89
0
0
0
0
0
-85
0
0
0
0
0
0
-8
0
0
84
0
0
0
0
0
0
25
0
0
0
0
0
0
0
0
99
0
0
0
0
0
0
0
0
0
0
0
0
0
0
0
0
0
0
0
0
0
0
0
0
199
0
0
0
0
0
0
0
0
0
0
0
0
0
0
0
0
0
0
0
0
0
0
0
0
0
0
0
0
0
0
0
0
0
0
0
0
0
0
0
0
0
0
0
0
0
0
0
0
0
0
0
31
-31
0
0
0
0
0
0
0
0
0
0
0
0
0
0
0
-100
0
0
0
0
0
0
0
0
0
99
0
0
0
0
0
0
0
0
0
0
-97
0
0
0
0
0
0
0
0
0
0
0
35
0
0
0
0
0
0
0
0
0
0
0
0
0
0
0
0
0
0
0
0
0
0
0
0
0
0
0
43
0
0
13
0
-51
0
-1
0
0
0
0
0
-69
0
0
0
0
0
0
0
0
0
0
0
0
0
0
0
0
9
0
0
0
0
0
61
0
0
0
0
0
0
0
0
0
-40
0
0
0
0
0
0
0
0
0
0
277
0
0
0
0
0
0
0
0
0
0
0
0
0
0
-198
0
0
0
0
0
0
0
0
-18
0
0
0
0
0
0
0
0
0
0
0
0
0
0
0
0
0
1
0
0
0
0
0
0
0
0
0
0
-99
0
0
0
0
0
0
16
0
0
0
0
0
0
0
0
0
0
0
0
0
0
0
0
0
0
0
0
0
0
0
0
99
0
0
0
0
0
0
0
0
-12
0
0
0
0
0
0
0
0
0
0
0
0
0
0
0
-87
0
0
0
0
80
0
-71
0
0
0
0
0
0
0
0
0
0
0
0
0
0
0
0
0
343
0
0
0
0
0
0
0
0
69
0
0
0
0
0
0
0
0
0
0
0
0
0
0
0
0
48
0
0
0
0
0
0
2526
25
0
0
0
769
0
0
0
0
0
0
0
0
0
0
-52
0
0
0
0
0
0
0
0
0
0
0
0
0
0
0
0
0
0
100
0
-35
-2
0
0
0
0
94
0
0
0
0
0
0
0
0
0
0
0
391
0
-100
0
0
0
0
0
0
19
0
0
0
0
0
198
0
0
0
52
0
0
0
0
0
0
0
0
0
0
0
0
0
0
0
0
0
0
0
0
0
0
0
-98
0
0
0
0
0
20
0
0
0
330
0
0
0
0
0
-22
0
0
0
0
0
0
0
0
0
0
188
0
0
0
0
0
0
0
0
0
0
0
0
0
0
0
0
0
0
0
0
0
0
-216
0
0
0
0
0
0
0
0
0
0
0
0
0
0
0
0
0
0
0
45
0
0
0
0
0
0
0
0
0
0
-10
0
0
0
0
0
0
0
0
0
0
0
0
0
0
0
0
0
0
0
0
0
0
0
0
0
0
0
-33
0
0
0
0
0
0
0
0
0
0
0
0
0
0
0
0
0
0
0
0
0
0
0
0
0
0
0
0
0
0
0
0
0
0
100
0
0
0
0
0
0
0
0
0
0
0
0
0
0
0
0
0
0
5637
100
4239
3894
0
3229
15521
-50
1946
0
-29
0
299
586
1156
939
810
3346
1279
0
0
-19
1859
-371
392
-9
0
329
88
171
-25
-1
640
-25
0
1083
100
255
494
0
-1
100
-2
2092
1664
-68
-40
10095
2486
1483
-17
-2
287
-17
-25
385
300
88
299
0
0
1390
-134
1477
-4
684
0
-1
-719
0
100
0
278
1483
1
-936
1684
88
835
1566
-147
0
-25
100
0
-28
-1
0
182
-9
0
-9
0
-1
-1314
0
-595
1992
100
-1
-2
0
-1
0
0
47
-2
37
787
-982
2079
-22
967
545
760
-19
1382
-1201
0
181
59
0
1156
-40
-17
19
1
-68
0
-3908
-6
0
-2
100
698
0
-1634
-1513
314
-21
0
0
1859
-47
-7
-1
-1112
0
459
391
-1847
87
10095
177
-864
179
0
2092
200
-12
779
318
0
383
0
100
0
199
0
697
0
-6
0
599
0
900
107
0
0
-19
0
-2
-1
309
399
0
-4
-2
-1182
6839
720
1266
-96
264
394
0
