0 0
1 -11056
2 -11056
3 -86112
4 564806
5 4628
6 -12128
7 90885
8 183998
9 -56133
10 -8206
11 -11744
12 0
13 -17252
14 -22144
15 0
16 41048
17 99752
18 0
19 35104
20 215282
21 63859
22 497080
23 -7066
24 75486
25 0
26 -12026
27 -12026
28 -70938
29 -105768
30 32375
31 177161
32 142235
33 -23244
34 64129
35 5477
36 5477
37 -23421
38 0
39 59275
40 32376
41 104988
42 223771
43 63339
44 63339
45 -57310
46 -88409
47 -36380
48 134361
49 118960
50 193216
51 0
52 108713
53 273078
54 10988
55 0
56 0
57 0
58 0
59 0
60 0
61 0
62 0
63 0
64 0
65 0
66 0
67 0
68 0
69 0
70 120720
71 440123
72 0
73 -35291
74 620237
75 -11198
76 225866
77 0
78 0
79 245936
80 60016
81 -6083
82 232528
83 240243
84 170067
85 -87898
86 12959
87 44796
88 0
89 0
90 0
91 0
92 0
93 0
94 0
95 16873
96 24152
97 64894
98 0
99 0
100 0
101 0
102 66727
103 96941
104 113847
105 0
106 0
107 0
108 0
109 0
110 0
111 0
112 325987
113 764911
114 52217
115 0
116 0
117 120319
118 0
119 -135141
120 0
121 0
122 0
123 0
124 0
125 0
126 0
127 0
128 549555
129 0
130 0
131 0
132 0
133 0
134 0
135 0
136 5197
137 0
138 0
139 0
140 -267763
141 0
142 0
143 0
144 0
145 0
146 0
147 0
148 0
149 0
150 0
151 0
152 0
153 0
154 -6688
155 5413
156 -56293
157 0
158 0
159 0
160 176634
161 93171
162 0
163 0
164 0
165 0
166 18929
167 37534
168 155666
169 122250
170 523314
171 51516
172 0
173 25464
174 415688
175 0
176 0
177 9945
178 0
179 18397
180 0
181 0
182 0
183 0
184 0
185 0
186 0
187 0
188 0
189 0
190 0
191 -45734
192 -45734
193 23197
194 0
195 135912
196 0
197 0
198 0
199 281221
200 0
201 0
202 0
203 160603
204 0
205 433221
206 0
207 0
208 48657
209 0
210 -1599
211 0
212 -93920
213 0
214 0
215 0
216 0
217 0
218 0
219 0
220 0
221 0
222 0
223 0
224 0
225 0
226 306491
227 0
228 0
229 0
230 0
231 0
232 0
233 0
234 0
235 0
236 0
237 0
238 0
239 0
240 0
241 0
242 0
243 7132
244 0
245 0
246 0
247 0
248 0
249 0
250 95011
251 218411
252 156824
253 146356
254 -94373
255 144930
256 66044
257 0
258 0
259 -9045
260 56230
261 -22988
262 0
263 0
264 0
265 0
266 0
267 0
268 0
269 270107
270 0
271 0
272 0
273 0
274 0
275 0
276 471480
277 0
278 0
279 0
280 0
281 0
282 0
283 0
284 0
285 0
286 0
287 0
288 0
289 0
290 -98390
291 0
292 0
293 0
294 0
295 20004
296 0
297 144480
298 0
299 0
300 0
301 27426
302 0
303 0
304 0
305 -113847
306 -196803
307 25731
308 0
309 105698
310 0
311 0
312 0
313 0
314 0
315 0
316 12046
317 0
318 0
319 0
320 0
321 0
322 0
323 0
324 0
325 0
326 0
327 111898
328 0
329 0
330 0
331 0
332 0
333 0
334 0
335 0
336 0
337 0
338 0
339 0
340 0
341 0
342 0
343 106957
344 0
345 0
346 0
347 0
348 77203
349 0
350 59288
351 0
352 0
353 0
354 28050
355 -78572
356 146085
357 137951
358 94229
359 0
360 0
361 -13121
362 107827
363 0
364 0
365 0
366 -282671
367 0
368 0
369 0
370 0
371 0
372 0
373 0
374 17561
375 -23451
376 255140
377 -1070
378 0
379 4472
380 190812
381 0
382 0
383 0
384 -34738
385 0
386 0
387 0
388 0
389 -25731
390 0
391 0
392 0
393 0
394 0
395 0
396 0
397 0
398 0
399 0
400 104582
401 -50002
402 151810
403 0
404 0
405 -7696
406 0
407 0
408 0
409 0
410 196803
411 0
412 0
413 0
414 0
415 0
416 0
417 0
418 0
419 0
420 -63925
421 0
422 0
423 0
424 0
425 0
426 0
427 0
428 0
429 0
430 0
431 108179
432 -107317
433 -231841
434 -59288
435 0
436 0
437 0
438 0
439 0
440 107824
441 0
442 -286725
443 13998
444 26733
445 0
446 98871
447 -73518
448 -13998
449 -26733
450 73518
451 0
452 0
453 0
454 146445
455 0
456 0
457 0
458 0
459 0
460 0
461 0
462 0
463 0
464 0
465 0
466 0
467 0
468 0
469 0
470 0
471 0
472 0
473 0
474 0
475 0
476 0
477 0
478 -17894
479 0
480 0
481 0
482 0
483 0
484 35828
485 0
486 0
487 0
488 0
489 -17775
490 82234
491 0
492 0
493 0
494 0
495 -62476
496 -119753
497 0
498 0
499 0
500 0
501 0
502 28018
503 122720
504 11078
505 0
506 0
507 0
508 0
509 0
510 0
511 0
512 0
513 0
514 0
515 0
516 0
517 0
518 0
519 0
520 0
521 12333
522 0
523 0
524 0
525 0
526 0
527 102927
528 0
529 0
530 0
531 0
532 0
533 -132994
534 22173
535 -58892
536 -103238
537 0
538 0
539 0
540 -11461
541 -58831
542 0
543 86550
544 28014
545 63034
546 24432
547 -53255
548 20171
549 0
550 0
551 0
552 0
553 0
554 24668
555 0
556 0
557 0
558 0
559 0
560 69654
561 159799
562 -108965
563 0
564 -136857
565 0
566 0
567 151434
568 0
569 0
570 -66144
571 0
572 201669
573 0
574 0
575 -68654
576 0
577 27500
578 0
579 0
580 0
581 0
582 -8542
583 0
584 0
585 0
586 0
587 0
588 0
589 42228
590 0
591 0
592 -69409
593 113659
594 0
595 0
596 0
597 0
598 0
599 0
600 0
601 0
602 0
603 0
604 0
605 0
606 0
607 0
608 0
609 0
610 0
611 0
612 0
613 0
614 0
615 0
616 0
617 0
618 0
619 0
620 0
621 0
622 0
623 0
624 0
625 0
626 147031
627 0
628 0
629 0
630 0
631 0
632 0
633 51210
634 -32264
635 0
636 0
637 -17561
638 0
639 0
640 0
641 0
642 0
643 0
644 0
645 0
646 41909
647 26875
648 53955
649 53955
650 0
651 34740
652 34740
653 34740
654 -13242
655 81864
656 0
657 0
658 0
659 0
660 -75478
661 0
662 0
663 0
664 0
665 0
666 0
667 0
668 0
669 0
670 0
671 0
672 0
673 0
674 0
675 0
676 0
677 0
678 0
679 -12157
680 0
681 20121
682 0
683 0
684 0
685 0
686 -40618
687 137138
688 65699
689 73745
690 0
691 0
692 0
693 0
694 0
695 0
696 0
697 46451
698 265173
699 0
700 0
701 0
702 0
703 0
704 0
705 0
706 0
707 0
708 0
709 0
710 67848
711 0
712 0
713 0
714 0
715 0
716 0
717 0
718 0
719 0
720 0
721 4604
722 60769
723 0
724 0
725 0
726 0
727 0
728 0
729 -53259
730 0
731 0
732 0
733 0
734 65442
735 93595
736 0
737 0
738 0
739 0
740 0
741 0
742 0
743 16557
744 -55651
745 0
746 31130
747 -65442
748 0
749 0
750 -12365
751 33410
752 -91337
753 -49284
754 0
755 0
756 0
757 0
758 -60769
759 -16557
760 0
761 0
762 0
763 0
764 0
765 0
766 0
767 87486
768 0
769 0
770 0
771 2012
772 -110101
773 -93595
774 0
775 0
776 -37154
777 0
778 0
779 0
780 0
781 0
782 0
783 34879
784 134825
785 0
786 0
787 0
788 0
789 0
790 0
791 0
792 0
793 0
794 0
795 0
796 0
797 0
798 0
799 0
800 0
801 0
802 0
803 0
804 0
805 0
806 0
807 0
808 0
809 0
810 0
811 0
812 133797
813 0
814 0
815 0
816 0
817 0
818 0
819 0
820 0
821 0
822 0
823 0
824 0
825 0
826 0
827 0
828 0
829 0
830 0
831 0
832 0
833 0
834 0
835 0
836 0
837 265515
838 -11438
839 19696
840 0
841 0
842 0
843 0
844 0
845 0
846 0
847 0
848 0
849 0
850 0
851 0
852 0
853 0
854 0
855 -9169
856 0
857 0
858 0
859 0
860 0
861 0
862 0
863 0
864 0
865 0
866 0
867 0
868 0
869 0
870 -33209
871 0
872 20755
873 0
874 -8344
875 0
876 -63197
877 0
878 0
879 0
880 0
881 75372
882 47153
883 0
884 0
885 0
886 0
887 0
888 0
889 17994
890 0
891 0
892 -20125
893 -80003
894 -93752
895 0
896 0
897 0
898 0
899 -58712
900 29978
901 232814
902 0
903 0
904 0
905 0
906 0
907 9169
908 8477
909 0
910 0
911 0
912 0
913 100332
914 0
915 0
916 0
917 0
918 0
919 105841
920 0
921 0
922 0
923 0
924 0
925 0
926 27897
927 -94292
928 0
929 0
930 0
931 0
932 0
933 0
934 0
935 0
936 0
937 0
938 0
939 -25
940 22207
941 105211
942 47375
943 -17152
944 -17152
945 0
946 -66523
947 0
948 0
949 0
950 0
951 0
952 0
953 0
954 0
955 0
956 0
957 0
958 0
959 0
960 0
961 -17328
962 0
963 86903
964 0
965 0
966 0
967 0
968 0
969 0
970 0
971 0
972 0
973 -122720
974 0
975 0
976 0
977 0
978 0
979 0
980 34291
981 0
982 0
983 0
984 0
985 0
986 0
987 0
988 0
989 0
990 0
991 0
992 0
993 0
994 0
995 0
996 0
997 0
998 0
999 0
1000 0
1001 0
1002 0
1003 0
1004 0
1005 0
1006 0
1007 0
1008 0
1009 0
1010 0
1011 52231
1012 0
1013 0
1014 0
1015 0
1016 0
1017 -16835
1018 0
1019 0
1020 0
1021 0
1022 -34879
1023 35566
1024 36104
1025 0
1026 0
1027 0
1028 0
1029 0
1030 0
1031 0
1032 0
1033 81198
1034 0
1035 0
1036 0
1037 -19493
1038 164173
1039 0
1040 0
1041 0
1042 0
1043 0
1044 0
1045 0
1046 0
1047 49589
1048 0
1049 0
1050 0
1051 0
1052 0
1053 0
1054 0
1055 0
1056 0
1057 0
1058 0
1059 0
1060 0
1061 0
1062 0
1063 0
1064 0
1065 0
1066 0
1067 0
1068 0
1069 0
1070 0
1071 0
1072 0
1073 0
1074 0
1075 0
1076 0
1077 0
1078 0
1079 0
1080 0
1081 422663
1082 0
1083 0
1084 0
1085 0
1086 14508
1087 0
1088 0
1089 0
1090 0
1091 0
1092 0
1093 0
1094 0
1095 0
1096 0
1097 0
1098 0
1099 0
1100 0
1101 0
1102 0
1103 0
1104 0
1105 13275
1106 104351
1107 -211007
1108 0
1109 0
1110 0
1111 0
1112 0
1113 0
1114 0
1115 0
1116 0
1117 0
1118 0
1119 0
1120 -13434
1121 12623
1122 -11078
1123 0
1124 22607
1125 0
1126 0
1127 0
1128 0
1129 -8181
1130 66955
1131 0
1132 0
1133 0
1134 0
1135 0
1136 96489
1137 0
1138 -22607
1139 -19850
1140 0
1141 0
1142 0
1143 -23612
1144 -102577
1145 -13012
1146 0
1147 0
1148 0
1149 68829
1150 0
1151 -139665
1152 0
1153 0
1154 0
1155 0
1156 0
1157 0
1158 0
1159 0
1160 0
1161 0
1162 0
1163 0
1164 0
1165 0
1166 23801
1167 0
1168 0
1169 0
1170 -12930
1171 -31734
1172 0
1173 -19189
1174 0
1175 0
1176 198749
1177 0
1178 0
1179 0
1180 0
1181 0
1182 0
1183 0
1184 0
1185 -62476
1186 0
1187 0
1188 0
1189 55496
1190 0
1191 0
1192 0
1193 0
1194 0
1195 0
1196 0
1197 0
1198 0
1199 0
1200 -35887
1201 0
1202 0
1203 -19450
1204 0
1205 0
1206 0
1207 0
1208 0
1209 0
1210 0
1211 0
1212 0
1213 0
1214 0
1215 0
1216 0
1217 0
1218 43394
1219 0
1220 0
1221 -55614
1222 0
1223 -15021
1224 -25028
1225 0
1226 0
1227 0
1228 295351
1229 -43394
1230 0
1231 0
1232 0
1233 0
1234 0
1235 0
1236 0
1237 0
1238 144285
1239 0
1240 0
1241 37313
1242 0
1243 0
1244 0
1245 0
1246 0
1247 0
1248 0
1249 84745
1250 0
1251 0
1252 0
1253 0
1254 0
1255 46520
1256 0
1257 0
1258 0
1259 0
1260 0
1261 0
1262 0
1263 0
1264 0
1265 0
1266 0
1267 0
1268 0
1269 0
1270 0
1271 0
1272 0
1273 0
1274 0
1275 0
1276 0
1277 0
1278 0
1279 0
1280 0
1281 0
1282 0
1283 0
1284 -133590
1285 0
1286 0
1287 42532
1288 109825
1289 -50883
1290 92116
1291 0
1292 0
1293 0
1294 0
1295 232351
1296 134405
1297 -83678
1298 107493
1299 0
1300 0
1301 74213
1302 0
1303 0
1304 0
1305 0
1306 0
1307 0
1308 0
1309 0
1310 59350
1311 0
1312 0
1313 0
1314 0
1315 0
1316 9538
1317 0
1318 43616
1319 0
1320 0
1321 0
1322 0
1323 -127766
1324 0
1325 0
1326 0
1327 158994
1328 0
1329 0
1330 63806
1331 136302
1332 0
1333 0
1334 0
1335 0
1336 0
1337 0
1338 0
1339 -69654
1340 0
1341 0
1342 0
1343 0
1344 0
1345 0
1346 0
1347 0
1348 0
1349 0
1350 0
1351 17328
1352 0
1353 0
1354 0
1355 0
1356 0
1357 0
1358 0
1359 0
1360 41429
1361 0
1362 0
1363 0
1364 0
1365 -49274
1366 0
1367 108533
1368 -95666
1369 0
1370 0
1371 0
1372 0
1373 109426
1374 0
1375 0
1376 0
1377 0
1378 0
1379 0
1380 -3318
1381 -37713
1382 0
1383 -11537
1384 211007
1385 0
1386 0
1387 0
1388 0
1389 0
1390 0
1391 25555
1392 0
1393 0
1394 0
1395 0
1396 0
1397 0
1398 27712
1399 0
1400 -60877
1401 -66230
1402 0
1403 0
1404 0
1405 0
1406 0
1407 -1768
1408 0
1409 -54019
1410 0
1411 0
1412 0
1413 0
1414 0
1415 0
1416 0
1417 0
1418 0
1419 0
1420 0
1421 0
1422 0
1423 0
1424 0
1425 0
1426 50900
1427 0
1428 0
1429 0
1430 0
1431 0
1432 0
1433 0
1434 0
1435 0
1436 0
1437 0
1438 0
1439 0
1440 0
1441 0
1442 0
1443 0
1444 0
1445 0
1446 0
1447 0
1448 0
1449 0
1450 0
1451 17822
1452 0
1453 0
1454 0
1455 0
1456 0
1457 51903
1458 0
1459 0
1460 0
1461 0
1462 0
1463 0
1464 0
1465 0
1466 0
1467 0
1468 -20123
1469 0
1470 0
1471 0
1472 95017
1473 0
1474 0
1475 0
1476 0
1477 0
1478 0
1479 73491
1480 0
1481 0
1482 0
1483 0
1484 0
1485 0
1486 0
1487 0
1488 0
1489 93921
1490 34625
1491 133360
1492 0
1493 0
1494 0
1495 0
1496 0
1497 344637
1498 0
1499 0
1500 0
1501 43778
1502 117887
1503 0
1504 -18965
1505 0
1506 0
1507 0
1508 0
1509 0
1510 0
1511 0
1512 0
1513 0
1514 0
1515 0
1516 105768
1517 0
1518 0
1519 0
1520 0
1521 0
1522 0
1523 0
1524 66066
1525 0
1526 0
1527 0
1528 0
1529 0
1530 0
1531 0
1532 0
1533 0
1534 0
1535 0
1536 0
1537 0
1538 0
1539 0
1540 0
1541 0
1542 0
1543 0
1544 0
1545 32112
1546 9962
1547 0
1548 0
1549 0
1550 0
1551 29165
1552 88648
1553 72873
1554 122363
1555 64527
1556 0
1557 79391
1558 0
1559 56682
1560 0
1561 0
1562 73062
1563 0
1564 0
1565 0
1566 0
1567 0
1568 0
1569 10505
1570 0
1571 0
1572 0
1573 0
1574 0
1575 0
1576 0
1577 118395
1578 24497
1579 0
1580 0
1581 0
1582 0
1583 0
1584 35035
1585 0
1586 0
1587 0
1588 0
1589 77370
1590 27653
1591 0
1592 0
1593 0
1594 0
1595 -17373
1596 0
1597 0
1598 0
1599 0
1600 0
1601 63396
1602 0
1603 0
1604 0
1605 26145
1606 76285
1607 0
1608 0
1609 0
1610 0
1611 94421
1612 0
1613 0
1614 0
1615 -24304
1616 0
1617 0
1618 0
1619 0
1620 0
1621 0
1622 -6087
1623 0
1624 0
1625 0
1626 0
1627 0
1628 0
1629 0
1630 0
1631 0
1632 0
1633 0
1634 0
1635 0
1636 0
1637 0
1638 0
1639 0
1640 0
1641 0
1642 0
1643 0
1644 68760
1645 0
1646 0
1647 0
1648 0
1649 0
1650 0
1651 0
1652 0
1653 0
1654 0
1655 0
1656 0
1657 0
1658 0
1659 0
1660 0
1661 0
1662 0
1663 0
1664 0
1665 0
1666 0
1667 0
1668 0
1669 0
1670 0
1671 0
1672 0
1673 0
1674 0
1675 0
1676 140915
1677 40618
1678 0
1679 0
1680 0
1681 0
1682 0
1683 0
1684 0
1685 0
1686 0
1687 0
1688 0
1689 20680
1690 -12866
1691 0
1692 0
1693 0
1694 0
1695 0
1696 0
1697 0
1698 0
1699 0
1700 0
1701 0
1702 0
1703 0
1704 115353
1705 0
1706 0
1707 0
1708 -25773
1709 61345
1710 0
1711 0
1712 0
1713 0
1714 0
1715 0
1716 0
1717 0
1718 10608
1719 0
1720 329175
1721 100649
1722 -13521
1723 0
1724 0
1725 375
1726 0
1727 0
1728 0
1729 0
1730 0
1731 0
1732 0
1733 0
1734 0
1735 0
1736 0
1737 0
1738 0
1739 0
1740 0
1741 12489
1742 0
1743 0
1744 0
1745 0
1746 0
1747 59654
1748 0
1749 0
1750 0
1751 0
1752 0
1753 0
1754 0
1755 118705
1756 0
1757 0
1758 0
1759 0
1760 40757
1761 0
1762 0
1763 0
1764 0
1765 0
1766 66143
1767 27711
1768 0
1769 0
1770 0
1771 0
1772 0
1773 0
1774 -33133
1775 64794
1776 0
1777 0
1778 0
1779 0
1780 0
1781 57310
1782 54
1783 0
1784 0
1785 0
1786 0
1787 0
1788 0
1789 0
1790 0
1791 0
1792 0
1793 -41429
1794 49274
1795 0
1796 0
1797 0
1798 0
1799 0
1800 0
1801 -37841
1802 37841
1803 16712
1804 0
1805 0
1806 0
1807 0
1808 0
1809 114963
1810 -133296
1811 0
1812 0
1813 0
1814 0
1815 0
1816 0
1817 0
1818 0
1819 0
1820 0
1821 0
1822 102577
1823 0
1824 -27074
1825 27074
1826 61204
1827 0
1828 0
1829 0
1830 0
1831 0
1832 0
1833 0
1834 0
1835 0
1836 -28014
1837 0
1838 0
1839 -595
1840 0
1841 0
1842 0
1843 -26307
1844 0
1845 0
1846 0
1847 0
1848 0
1849 0
1850 0
1851 0
1852 0
1853 0
1854 0
1855 0
1856 35858
1857 11892
1858 0
1859 0
1860 0
1861 0
1862 0
1863 0
1864 0
1865 0
1866 0
1867 -9962
1868 -36677
1869 0
1870 82533
1871 0
1872 0
1873 33801
1874 0
1875 0
1876 0
1877 91881
1878 0
1879 -77417
1880 0
1881 0
1882 0
1883 0
1884 0
1885 0
1886 0
1887 0
1888 0
1889 -24391
1890 0
1891 0
1892 0
1893 95666
1894 0
1895 0
1896 0
1897 0
1898 0
1899 0
1900 0
1901 0
1902 0
1903 0
1904 0
1905 0
1906 0
1907 0
1908 0
1909 0
1910 -67830
1911 -10968
1912 0
1913 0
1914 -77781
1915 -77781
1916 -77781
1917 0
1918 0
1919 0
1920 0
1921 0
1922 45622
1923 49772
1924 0
1925 37603
1926 0
1927 0
1928 0
1929 5680
1930 -246912
1931 0
1932 -19981
1933 0
1934 38051
1935 26227
1936 0
1937 -124537
1938 230807
1939 0
1940 0
1941 0
1942 0
1943 31531
1944 78978
1945 111564
1946 0
1947 0
1948 0
1949 0
1950 0
1951 0
1952 0
1953 0
1954 0
1955 0
1956 36628
1957 0
1958 0
1959 88998
1960 0
1961 0
1962 0
1963 0
1964 0
1965 -2488
1966 0
1967 0
1968 0
1969 0
1970 0
1971 0
1972 0
1973 0
1974 54063
1975 55178
1976 0
1977 0
1978 0
1979 0
1980 0
1981 0
1982 0
1983 0
1984 0
1985 0
1986 0
1987 0
1988 0
1989 0
1990 39319
1991 0
1992 0
1993 26175
1994 7832
1995 0
1996 76056
1997 0
1998 -7741
1999 0
2000 106916
2001 0
2002 789
2003 0
2004 0
2005 0
2006 0
2007 0
2008 49230
2009 87302
2010 21696
2011 83586
2012 0
2013 0
2014 0
2015 -7832
2016 0
2017 0
2018 32682
2019 233967
2020 -34625
2021 0
2022 0
2023 0
2024 0
2025 70789
2026 42462
2027 20913
2028 0
2029 48333
2030 0
2031 0
2032 0
2033 151195
2034 68290
2035 0
2036 0
2037 0
2038 0
2039 0
2040 0
2041 0
2042 -28459
2043 0
2044 -19810
2045 0
2046 -8383
2047 11537
2048 -26175
2049 0
2050 -10208
2051 0
2052 0
2053 -10608
2054 0
2055 -2974
2056 0
2057 0
2058 0
2059 -21248
2060 36166
2061 20965
2062 0
2063 5417
2064 0
2065 0
2066 -15527
2067 10246
2068 0
2069 60857
2070 0
2071 -6604
2072 0
2073 0
2074 0
2075 0
2076 0
2077 0
2078 0
2079 10208
2080 90261
2081 15527
2082 -10246
2083 -20965
2084 108965
2085 -21060
2086 0
2087 15011
2088 -25958
2089 0
2090 22640
2091 49714
2092 20874
2093 0
2094 0
2095 0
2096 -31673
2097 0
2098 0
2099 0
2100 0
2101 16947
2102 0
2103 -31673
2104 -16947
2105 21060
2106 -22640
2107 0
2108 0
2109 31673
2110 31673
2111 -68290
2112 0
2113 30028
2114 0
2115 0
2116 -12601
2117 75686
2118 -27426
2119 21010
2120 23736
2121 -70048
2122 17594
2123 -14119
2124 21248
2125 0
2126 0
2127 0
2128 0
2129 0
2130 -182
2131 0
2132 0
2133 0
2134 0
2135 0
2136 0
2137 0
2138 0
2139 0
2140 0
2141 0
2142 0
2143 0
2144 0
2145 0
2146 0
2147 0
2148 79183
2149 57419
2150 0
2151 51194
2152 0
2153 0
2154 0
2155 0
2156 0
2157 0
2158 0
2159 0
2160 0
2161 0
2162 0
2163 0
2164 0
2165 0
2166 0
2167 0
2168 0
2169 0
2170 0
2171 0
2172 0
2173 0
2174 -19995
2175 0
2176 0
2177 0
2178 0
2179 0
2180 85167
2181 0
2182 0
2183 0
2184 0
2185 0
2186 0
2187 0
2188 0
2189 0
2190 0
2191 0
2192 0
2193 0
2194 0
2195 0
2196 65354
2197 0
2198 56591
2199 0
2200 0
2201 0
2202 0
2203 0
2204 0
2205 0
2206 0
2207 0
2208 0
2209 0
2210 0
2211 15504
2212 0
2213 0
2214 0
2215 53529
2216 0
2217 10398
2218 10398
2219 25011
2220 0
2221 0
2222 0
2223 -5437
2224 0
2225 0
2226 0
2227 41396
2228 0
2229 0
2230 0
2231 -22418
2232 0
2233 0
2234 0
2235 0
2236 15954
2237 0
2238 0
2239 -84745
2240 0
2241 0
2242 -34303
2243 0
2244 28459
2245 0
2246 -78123
2247 0
2248 0
2249 0
2250 0
2251 0
2252 0
2253 0
2254 0
2255 0
2256 0
2257 0
2258 0
2259 0
2260 0
2261 15021
2262 0
2263 0
2264 0
2265 66343
2266 0
2267 27177
2268 93906
2269 0
2270 0
2271 0
2272 0
2273 0
2274 13619
2275 107840
2276 0
2277 0
2278 0
2279 0
2280 0
2281 0
2282 0
2283 0
2284 0
2285 0
2286 0
2287 0
2288 0
2289 -51473
2290 0
2291 0
2292 0
2293 0
2294 0
2295 0
2296 0
2297 0
2298 0
2299 0
2300 -57419
2301 0
2302 86604
2303 0
2304 0
2305 0
2306 0
2307 0
2308 0
2309 10147
2310 0
2311 108673
2312 0
2313 0
2314 0
2315 -5223
2316 51127
2317 0
2318 -51127
2319 0
2320 0
2321 0
2322 0
2323 0
2324 0
2325 0
2326 0
2327 0
2328 0
2329 0
2330 0
2331 0
2332 0
2333 0
2334 0
2335 0
2336 0
2337 0
2338 0
2339 0
2340 42338
2341 0
2342 0
2343 4289
2344 0
2345 0
2346 0
2347 -7983
2348 0
2349 0
2350 0
2351 0
2352 0
2353 169525
2354 0
2355 0
2356 0
2357 0
2358 0
2359 0
2360 0
2361 0
2362 0
2363 0
2364 31700
2365 -615
2366 0
2367 0
2368 0
2369 0
2370 0
2371 0
2372 0
2373 0
2374 0
2375 23873
2376 0
2377 0
2378 98092
2379 71926
2380 0
2381 0
2382 0
2383 0
2384 0
2385 0
2386 0
2387 -134361
2388 0
2389 0
2390 0
2391 0
2392 0
2393 -71926
2394 0
2395 0
2396 0
2397 0
2398 0
2399 0
2400 -66955
2401 88211
2402 135309
2403 0
2404 -19943
2405 68998
2406 197949
2407 0
2408 0
2409 0
2410 0
2411 0
2412 0
2413 0
2414 0
2415 0
2416 0
2417 0
2418 0
2419 -7494
2420 0
2421 0
2422 0
2423 0
2424 0
2425 0
2426 0
2427 0
2428 0
2429 0
2430 0
2431 0
2432 13012
2433 0
2434 0
2435 0
2436 0
2437 0
2438 0
2439 0
2440 0
2441 0
2442 121155
2443 0
2444 0
2445 0
2446 0
2447 0
2448 0
2449 0
2450 0
2451 -118705
2452 0
2453 0
2454 0
2455 0
2456 0
2457 0
2458 0
2459 0
2460 0
2461 0
2462 0
2463 0
2464 0
2465 0
2466 0
2467 0
2468 0
2469 0
2470 -44689
2471 -52733
2472 -170739
2473 0
2474 -25358
2475 0
2476 -68277
2477 0
2478 0
2479 0
2480 0
2481 0
2482 0
2483 0
2484 0
2485 0
2486 0
2487 0
2488 0
2489 -21065
2490 0
2491 0
2492 -57331
2493 0
2494 0
2495 0
2496 0
2497 -52589
2498 89225
2499 0
2500 0
2501 0
2502 0
2503 0
2504 0
2505 0
2506 0
2507 0
2508 0
2509 0
2510 0
2511 0
2512 0
2513 0
2514 65086
2515 -190812
2516 -151434
2517 0
2518 0
2519 0
2520 0
2521 0
2522 0
2523 0
2524 39456
2525 194050
2526 0
2527 0
2528 0
2529 0
2530 0
2531 0
2532 0
2533 98708
2534 0
2535 0
2536 -39456
2537 0
2538 0
2539 0
2540 0
2541 0
2542 0
2543 0
2544 0
2545 0
2546 0
2547 0
2548 0
2549 0
2550 0
2551 0
2552 0
2553 0
2554 0
2555 0
2556 149158
2557 0
2558 0
2559 0
2560 0
2561 0
2562 0
2563 0
2564 0
2565 0
2566 -104995
2567 51676
2568 -221747
2569 92230
2570 0
2571 0
2572 0
2573 0
2574 0
2575 0
2576 0
2577 0
2578 0
2579 0
2580 0
2581 0
2582 0
2583 0
2584 0
2585 -132304
2586 0
2587 0
2588 0
2589 0
2590 0
2591 0
2592 0
2593 0
2594 0
2595 0
2596 0
2597 0
2598 29044
2599 3570
2600 -65616
2601 64284
2602 0
2603 0
2604 0
2605 0
2606 0
2607 0
2608 0
2609 0
2610 0
2611 0
2612 0
2613 0
2614 0
2615 0
2616 0
2617 0
2618 0
2619 0
2620 0
2621 0
2622 0
2623 0
2624 0
2625 0
2626 0
2627 0
2628 -67890
2629 0
2630 0
2631 0
2632 0
2633 0
2634 0
2635 24391
2636 0
2637 0
2638 0
2639 0
2640 0
2641 0
2642 0
2643 0
2644 0
2645 0
2646 0
2647 0
2648 0
2649 0
2650 0
2651 0
2652 0
2653 0
2654 0
2655 0
2656 0
2657 0
2658 0
2659 0
2660 0
2661 0
2662 0
2663 0
2664 57308
2665 0
2666 0
2667 0
2668 0
2669 0
2670 0
2671 0
2672 -25381
2673 0
2674 0
2675 0
2676 0
2677 0
2678 0
2679 0
2680 0
2681 0
2682 -25703
2683 -34619
2684 0
2685 0
2686 0
2687 79647
2688 0
2689 -69982
2690 0
2691 0
2692 0
2693 0
2694 0
2695 -16959
2696 -38656
2697 -140555
2698 -128402
2699 -151195
2700 -39937
2701 0
2702 0
2703 0
2704 0
2705 0
2706 0
2707 0
2708 0
2709 35489
2710 0
2711 0
2712 0
2713 0
2714 0
2715 0
2716 0
2717 0
2718 0
2719 0
2720 0
2721 0
2722 0
2723 82338
2724 8735
2725 -77246
2726 -154913
2727 0
2728 0
2729 59429
2730 0
2731 22988
2732 0
2733 0
2734 0
2735 0
2736 -34421
2737 0
2738 0
2739 0
2740 0
2741 0
2742 0
2743 0
2744 0
2745 0
2746 0
2747 0
2748 0
2749 0
2750 29163
2751 0
2752 0
2753 0
2754 68312
2755 0
2756 0
2757 0
2758 0
2759 0
2760 0
2761 1905
2762 0
2763 0
2764 0
2765 53913
2766 0
2767 0
2768 0
2769 0
2770 0
2771 0
2772 0
2773 0
2774 0
2775 0
2776 -35775
2777 0
2778 -89225
2779 0
2780 0
2781 0
2782 0
2783 -37140
2784 0
2785 2954
2786 1048
2787 0
2788 60534
2789 -59350
2790 38490
2791 0
2792 0
2793 0
2794 0
2795 0
2796 0
2797 0
2798 0
2799 0
2800 0
2801 0
2802 0
2803 0
2804 0
2805 105447
2806 7696
2807 0
2808 0
2809 0
2810 0
2811 0
2812 0
2813 0
2814 0
2815 0
2816 0
2817 0
2818 0
2819 0
2820 0
2821 0
2822 0
2823 0
2824 0
2825 0
2826 0
2827 0
2828 0
2829 0
2830 0
2831 0
2832 -72822
2833 0
2834 0
2835 0
2836 0
2837 0
2838 0
2839 0
2840 0
2841 0
2842 0
2843 0
2844 -74329
2845 0
2846 0
2847 0
2848 0
2849 0
2850 0
2851 0
2852 0
2853 0
2854 0
2855 0
2856 0
2857 0
2858 0
2859 0
2860 0
2861 0
2862 -60179
2863 0
2864 0
2865 0
2866 0
2867 0
2868 0
2869 0
2870 0
2871 0
2872 0
2873 0
2874 0
2875 0
2876 0
2877 0
2878 0
2879 0
2880 0
2881 0
2882 0
2883 0
2884 0
2885 30975
2886 0
2887 47538
2888 0
2889 24877
2890 0
2891 0
2892 0
2893 0
2894 0
2895 0
2896 0
2897 0
2898 0
2899 0
2900 -30348
2901 -30348
2902 0
2903 0
2904 0
2905 0
2906 0
2907 0
2908 0
2909 0
2910 0
2911 0
2912 27079
2913 0
2914 0
2915 0
2916 0
2917 0
2918 12216
2919 0
2920 0
2921 0
2922 0
2923 0
2924 0
2925 0
2926 0
2927 0
2928 0
2929 0
2930 0
2931 0
2932 0
2933 0
2934 0
2935 0
2936 0
2937 0
2938 0
2939 0
2940 0
2941 0
2942 0
2943 -68806
2944 0
2945 0
2946 0
2947 0
2948 0
2949 0
2950 0
2951 31422
2952 0
2953 0
2954 55668
2955 107309
2956 0
2957 0
2958 0
2959 -47352
2960 0
2961 0
2962 0
2963 0
2964 0
2965 0
2966 0
2967 0
2968 0
2969 0
2970 0
2971 0
2972 0
2973 0
2974 0
2975 0
2976 -22188
2977 0
2978 0
2979 0
2980 -19696
2981 85690
2982 0
2983 0
2984 26739
2985 0
2986 0
2987 0
2988 0
2989 0
2990 -19845
2991 0
2992 -21696
2993 0
2994 0
2995 0
2996 0
2997 0
2998 0
2999 0
3000 0
3001 0
3002 0
3003 0
3004 0
3005 0
3006 0
3007 0
3008 0
3009 0
3010 0
3011 0
3012 0
3013 0
3014 0
3015 0
3016 0
3017 0
3018 0
3019 0
3020 0
3021 0
3022 0
3023 0
3024 0
3025 0
3026 0
3027 0
3028 0
3029 0
3030 0
3031 0
3032 0
3033 0
3034 0
3035 0
3036 0
3037 125923
3038 181856
3039 0
3040 0
3041 0
3042 0
3043 -33824
3044 0
3045 0
3046 0
3047 0
3048 0
3049 0
3050 0
3051 0
3052 0
3053 0
3054 -151810
3055 0
3056 0
3057 0
3058 0
3059 0
3060 0
3061 0
3062 0
3063 0
3064 0
3065 26684
3066 26684
3067 0
3068 51417
3069 0
3070 0
3071 0
3072 0
3073 17364
3074 17364
3075 0
3076 -146445
3077 -36931
3078 4024
3079 -26684
3080 -32917
3081 -26684
3082 -42053
3083 0
3084 0
3085 0
3086 0
3087 0
3088 0
3089 0
3090 0
3091 0
3092 0
3093 0
3094 0
3095 -39319
3096 0
3097 0
3098 0
3099 0
3100 0
3101 0
3102 0
3103 0
3104 0
3105 0
3106 0
3107 0
3108 0
3109 0
3110 0
3111 0
3112 0
3113 0
3114 0
3115 0
3116 0
3117 0
3118 -32448
3119 12601
3120 0
3121 20249
3122 0
3123 0
3124 -38490
3125 0
3126 0
3127 0
3128 -73491
3129 0
3130 0
3131 0
3132 -35344
3133 -68482
3134 0
3135 -62026
3136 -66343
3137 0
3138 0
3139 0
3140 -43756
3141 0
3142 0
3143 0
3144 0
3145 0
3146 0
3147 0
3148 0
3149 0
3150 0
3151 0
3152 0
3153 0
3154 0
3155 0
3156 0
3157 0
3158 0
3159 0
3160 -74298
3161 0
3162 28624
3163 24128
3164 0
3165 0
3166 0
3167 0
3168 0
3169 0
3170 0
3171 13709
3172 -183998
3173 25085
3174 0
3175 686
3176 8752
3177 0
3178 0
3179 0
3180 0
3181 0
3182 0
3183 0
3184 0
3185 0
3186 0
3187 -20755
3188 0
3189 -57762
3190 1632
3191 0
3192 0
3193 0
3194 57762
3195 -125923
3196 0
3197 26593
3198 3015
3199 0
3200 0
3201 0
3202 0
3203 0
3204 0
3205 0
3206 0
3207 0
3208 0
3209 0
3210 0
3211 0
3212 0
3213 0
3214 -37077
3215 0
3216 14149
3217 0
3218 0
3219 -41394
3220 0
3221 0
3222 113575
3223 0
3224 0
3225 0
3226 0
3227 0
3228 0
3229 0
3230 0
3231 0
3232 0
3233 -30028
3234 0
3235 41042
3236 21232
3237 0
3238 39063
3239 55651
3240 67899
3241 0
3242 0
3243 0
3244 -11956
3245 0
3246 0
3247 0
3248 0
3249 0
3250 0
3251 0
3252 -270107
3253 -7132
3254 0
3255 0
3256 0
3257 0
3258 0
3259 0
3260 0
3261 0
3262 0
3263 0
3264 0
3265 0
3266 0
3267 0
3268 0
3269 0
3270 15874
3271 0
3272 0
3273 0
3274 0
3275 0
3276 0
3277 0
3278 -273078
3279 0
3280 0
3281 0
3282 0
3283 0
3284 0
3285 0
3286 0
3287 0
3288 18539
3289 18527
3290 0
3291 0
3292 137923
3293 -23677
3294 0
3295 16285
3296 0
3297 0
3298 0
3299 0
3300 0
3301 0
3302 0
3303 0
3304 0
3305 28356
3306 0
3307 78819
3308 0
3309 0
3310 0
3311 0
3312 0
3313 0
3314 0
3315 -57061
3316 -105447
3317 0
3318 0
3319 0
3320 0
3321 0
3322 0
3323 0
3324 0
3325 0
3326 0
3327 0
3328 0
3329 0
3330 0
3331 0
3332 0
3333 0
3334 -18539
3335 67198
3336 84068
3337 0
3338 0
3339 0
3340 0
3341 0
3342 0
3343 -85167
3344 14089
3345 0
3346 70003
3347 -99337
3348 -60351
3349 0
3350 0
3351 0
3352 0
3353 0
3354 0
3355 0
3356 0
3357 0
3358 0
3359 0
3360 0
3361 0
3362 0
3363 50303
3364 66660
3365 0
3366 -209934
3367 -102610
3368 0
3369 75478
3370 0
3371 0
3372 0
3373 0
3374 0
3375 0
3376 -26593
3377 0
3378 0
3379 157799
3380 0
3381 0
3382 0
3383 0
3384 0
3385 0
3386 0
3387 0
3388 -109174
3389 0
3390 0
3391 0
3392 0
3393 0
3394 0
3395 0
3396 0
3397 0
3398 0
3399 0
3400 0
3401 0
3402 0
3403 0
3404 0
3405 0
3406 0
3407 0
3408 0
3409 -18339
3410 0
3411 0
3412 0
3413 0
3414 0
3415 0
3416 142602
3417 0
3418 0
3419 0
3420 0
3421 0
3422 0
3423 0
3424 0
3425 0
3426 0
3427 0
3428 0
3429 -16285
3430 0
3431 0
3432 0
3433 0
3434 0
3435 0
3436 0
3437 74912
3438 -24877
3439 0
3440 0
3441 0
3442 0
3443 0
3444 -83258
3445 19981
3446 0
3447 0
3448 -12153
3449 0
3450 0
3451 38769
3452 0
3453 56234
3454 15259
3455 0
3456 0
3457 0
3458 0
3459 0
3460 0
3461 0
3462 -64658
3463 0
3464 0
3465 99337
3466 0
3467 0
3468 0
3469 0
3470 0
3471 0
3472 47642
3473 0
3474 0
3475 -38051
3476 0
3477 -220622
3478 0
3479 0
3480 -11283
3481 -47642
3482 0
3483 0
3484 0
3485 0
3486 0
3487 0
3488 0
3489 0
3490 0
3491 0
3492 0
3493 0
3494 0
3495 0
3496 0
3497 0
3498 0
3499 -27887
3500 0
3501 0
3502 -22368
3503 0
3504 0
3505 0
3506 0
3507 0
3508 0
3509 0
3510 0
3511 0
3512 0
3513 0
3514 0
3515 0
3516 76122
3517 76122
3518 0
3519 0
3520 -85206
3521 -52007
3522 70636
3523 0
3524 0
3525 0
3526 0
3527 0
3528 -135309
3529 0
3530 26281
3531 0
3532 0
3533 0
3534 53404
3535 0
3536 0
3537 0
3538 0
3539 -56230
3540 0
3541 0
3542 0
3543 0
3544 30851
3545 0
3546 0
3547 12865
3548 0
3549 0
3550 0
3551 0
3552 0
3553 0
3554 0
3555 -65354
3556 0
3557 0
3558 0
3559 0
3560 63443
3561 0
3562 0
3563 0
3564 0
3565 -65750
3566 90851
3567 12596
3568 -6456
3569 -45734
3570 27887
3571 0
3572 0
3573 0
3574 4109
3575 0
3576 0
3577 0
3578 0
3579 19129
3580 0
3581 0
3582 0
3583 0
3584 0
3585 0
3586 0
3587 0
3588 -112101
3589 0
3590 0
3591 0
3592 0
3593 -218670
3594 0
3595 0
3596 -16692
3597 0
3598 0
3599 -224543
3600 -147829
3601 0
3602 0
3603 0
3604 0
3605 -10393
3606 0
3607 0
3608 0
3609 0
3610 0
3611 0
3612 0
3613 0
3614 0
3615 0
3616 0
3617 113776
3618 38697
3619 0
3620 0
3621 0
3622 0
3623 0
3624 -19129
3625 -1698
3626 0
3627 0
3628 0
3629 -65699
3630 0
3631 0
3632 0
3633 0
3634 0
3635 -1632
3636 11939
3637 0
3638 0
3639 -223906
3640 -82572
3641 4672
3642 -107827
3643 -180948
3644 10968
3645 0
3646 0
3647 0
3648 0
3649 0
3650 0
3651 0
3652 0
3653 0
3654 0
3655 0
3656 0
3657 0
3658 69298
3659 0
3660 -46747
3661 27734
3662 0
3663 0
3664 0
3665 0
3666 38373
3667 0
3668 0
3669 -10147
3670 0
3671 0
3672 0
3673 0
3674 0
3675 37761
3676 0
3677 99699
3678 0
3679 0
3680 0
3681 0
3682 0
3683 0
3684 0
3685 0
3686 0
3687 0
3688 34475
3689 0
3690 0
3691 0
3692 -1448
3693 0
3694 -29165
3695 0
3696 0
3697 0
3698 -6330
3699 0
3700 0
3701 0
3702 0
3703 0
3704 0
3705 0
3706 0
3707 0
3708 0
3709 0
3710 0
3711 0
3712 0
3713 0
3714 0
3715 0
3716 0
3717 5525
3718 -94336
3719 0
3720 0
3721 0
3722 0
3723 0
3724 0
3725 0
3726 0
3727 0
3728 0
3729 0
3730 0
3731 0
3732 0
3733 0
3734 0
3735 0
3736 0
3737 0
3738 69560
3739 0
3740 0
3741 -119165
3742 0
3743 0
3744 26307
3745 0
3746 0
3747 0
3748 0
3749 0
3750 0
3751 0
3752 26017
3753 0
3754 0
3755 -108179
3756 0
3757 0
3758 0
3759 0
3760 25958
3761 0
3762 -15504
3763 19450
3764 0
3765 0
3766 90506
3767 0
3768 0
3769 0
3770 0
3771 -25709
3772 0
3773 0
3774 0
3775 0
3776 1554
3777 0
3778 0
3779 0
3780 0
3781 0
3782 0
3783 0
3784 0
3785 0
3786 0
3787 0
3788 -222424
3789 0
3790 0
3791 0
3792 0
3793 0
3794 0
3795 0
3796 0
3797 0
3798 0
3799 0
3800 0
3801 0
3802 0
3803 0
3804 0
3805 0
3806 0
3807 0
3808 0
3809 0
3810 0
3811 -42532
3812 0
3813 0
3814 0
3815 0
3816 -48333
3817 66825
3818 0
3819 0
3820 0
3821 0
3822 0
3823 0
3824 0
3825 0
3826 0
3827 0
3828 0
3829 -61491
3830 9167
3831 0
3832 0
3833 0
3834 -1296
3835 0
3836 25808
3837 0
3838 -265470
3839 0
3840 0
3841 0
3842 0
3843 0
3844 0
3845 0
3846 0
3847 0
3848 0
3849 0
3850 0
3851 103725
3852 0
3853 0
3854 0
3855 0
3856 0
3857 0
3858 0
3859 0
3860 0
3861 0
3862 0
3863 0
3864 -91830
3865 0
3866 0
3867 0
3868 0
3869 65282
3870 -24913
3871 0
3872 0
3873 0
3874 -64129
3875 -58022
3876 -107840
3877 0
3878 0
3879 0
3880 0
3881 0
3882 0
3883 0
3884 22985
3885 0
3886 0
3887 0
3888 0
3889 -86903
3890 0
3891 0
3892 0
3893 0
3894 0
3895 0
3896 0
3897 0
3898 25341
3899 0
3900 0
3901 14979
3902 0
3903 0
3904 0
3905 0
3906 0
3907 0
3908 0
3909 37077
3910 0
3911 0
3912 0
3913 0
3914 0
3915 0
3916 0
3917 0
3918 0
3919 0
3920 0
3921 0
3922 0
3923 0
3924 7983
3925 0
3926 0
3927 9857
3928 0
3929 -128628
3930 25160
3931 0
3932 0
3933 0
3934 0
3935 36677
3936 0
3937 0
3938 37140
3939 0
3940 0
3941 0
3942 0
3943 -64826
3944 0
3945 0
3946 0
3947 0
3948 0
3949 -9083
3950 -19209
3951 41284
3952 0
3953 0
3954 0
3955 0
3956 0
3957 0
3958 -60534
3959 0
3960 47051
3961 0
3962 0
3963 0
3964 0
3965 0
3966 79608
3967 -79297
3968 0
3969 0
3970 0
3971 0
3972 0
3973 0
3974 0
3975 0
3976 0
3977 0
3978 0
3979 -70789
3980 0
3981 -15817
3982 0
3983 0
3984 0
3985 0
3986 58639
3987 7494
3988 0
3989 0
3990 0
3991 50037
3992 -60857
3993 -23736
3994 11461
3995 0
3996 0
3997 -70645
3998 0
3999 8344
4000 0
4001 -135205
4002 -12158
4003 0
4004 -20107
4005 0
4006 0
4007 122852
4008 0
4009 25365
4010 0
4011 0
4012 -25365
4013 0
4014 0
4015 0
4016 -47728
4017 0
4018 0
4019 47728
4020 0
4021 0
4022 0
4023 0
4024 0
4025 0
4026 35941
4027 -61345
4028 0
4029 36675
4030 11956
4031 0
4032 0
4033 12866
4034 32113
4035 0
4036 41992
4037 0
4038 -22985
4039 23871
4040 -11103
4041 0
4042 0
4043 4102
4044 0
4045 -25341
4046 0
4047 0
4048 0
4049 0
4050 0
4051 0
4052 0
4053 0
4054 -35858
4055 -218438
4056 0
4057 0
4058 0
4059 0
4060 0
4061 74298
4062 0
4063 0
4064 0
4065 0
4066 -255140
4067 0
4068 0
4069 0
4070 0
4071 0
4072 0
4073 0
4074 0
4075 0
4076 0
4077 -137923
4078 -42452
4079 0
4080 0
4081 0
4082 0
4083 0
4084 0
4085 0
4086 182
4087 0
4088 0
4089 0
4090 0
4091 0
4092 0
4093 0
4094 0
4095 0
4096 0
4097 0
4098 0
4099 23677
4100 0
4101 -61331
4102 -105537
4103 -24600
4104 0
4105 -44206
4106 55614
4107 0
4108 0
4109 0
4110 0
4111 0
4112 0
4113 0
4114 0
4115 0
4116 75146
4117 47992
4118 0
4119 0
4120 0
4121 0
4122 0
4123 0
4124 0
4125 -47992
4126 -64140
4127 0
4128 0
4129 0
4130 0
4131 0
4132 0
4133 19636
4134 0
4135 0
4136 0
4137 0
4138 0
4139 0
4140 0
4141 0
4142 0
4143 0
4144 23742
4145 0
4146 0
4147 47352
4148 36409
4149 0
4150 0
4151 0
4152 0
4153 0
4154 0
4155 0
4156 -46520
4157 27531
4158 0
4159 0
4160 0
4161 46831
4162 0
4163 0
4164 0
4165 0
4166 0
4167 0
4168 0
4169 0
4170 0
4171 -11160
4172 0
4173 11160
4174 0
4175 0
4176 0
4177 0
4178 0
4179 0
4180 0
4181 0
4182 0
4183 36943
4184 0
4185 0
4186 0
4187 0
4188 -1795
4189 0
4190 0
4191 0
4192 0
4193 0
4194 -45579
4195 25147
4196 51416
4197 0
4198 0
4199 0
4200 0
4201 0
4202 0
4203 0
4204 0
4205 0
4206 0
4207 25121
4208 -11939
4209 0
4210 0
4211 0
4212 0
4213 0
4214 0
4215 0
4216 0
4217 0
4218 0
4219 0
4220 0
4221 -120319
4222 0
4223 0
4224 0
4225 35834
4226 0
4227 0
4228 0
4229 0
4230 0
4231 0
4232 0
4233 -36104
4234 0
4235 0
4236 0
4237 -42137
4238 130603
4239 0
4240 0
4241 0
4242 0
4243 0
4244 -68410
4245 0
4246 0
4247 0
4248 0
4249 0
4250 0
4251 0
4252 0
4253 0
4254 0
4255 -271941
4256 0
4257 0
4258 0
4259 0
4260 0
4261 -26616
4262 0
4263 0
4264 0
4265 50040
4266 25028
4267 6604
4268 0
4269 0
4270 0
4271 0
4272 0
4273 0
4274 0
4275 0
4276 -79038
4277 0
4278 0
4279 0
4280 0
4281 0
4282 0
4283 -35505
4284 0
4285 0
4286 0
4287 0
4288 -37089
4289 0
4290 0
4291 0
4292 0
4293 0
4294 0
4295 0
4296 0
4297 0
4298 0
4299 0
4300 0
4301 15036
4302 0
4303 0
4304 0
4305 0
4306 0
4307 0
4308 0
4309 0
4310 8843
4311 -162693
4312 -789
4313 0
4314 -4
4315 0
4316 0
4317 0
4318 0
4319 0
4320 0
4321 -36502
4322 4
4323 0
4324 21036
4325 -10908
4326 0
4327 0
4328 0
4329 -209173
4330 0
4331 0
4332 10908
4333 0
4334 0
4335 0
4336 0
4337 0
4338 0
4339 -144285
4340 0
4341 0
4342 0
4343 0
4344 0
4345 0
4346 0
4347 0
4348 0
4349 0
4350 0
4351 -117887
4352 -13709
4353 0
4354 0
4355 0
4356 0
4357 -41284
4358 0
4359 0
4360 -14149
4361 0
4362 0
4363 0
4364 0
4365 0
4366 0
4367 0
4368 0
4369 0
4370 0
4371 0
4372 -106957
4373 -24128
4374 57002
4375 0
4376 0
4377 0
4378 0
4379 35673
4380 0
4381 0
4382 0
4383 0
4384 0
4385 0
4386 0
4387 0
4388 0
4389 0
4390 0
4391 0
4392 2433
4393 -45022
4394 0
4395 0
4396 0
4397 0
4398 0
4399 0
4400 0
4401 0
4402 -77203
4403 35569
4404 0
4405 0
4406 0
4407 0
4408 0
4409 0
4410 0
4411 0
4412 0
4413 0
4414 0
4415 0
4416 0
4417 8482
4418 0
4419 0
4420 0
4421 0
4422 0
4423 0
4424 0
4425 0
4426 0
4427 0
4428 0
4429 0
4430 0
4431 -41042
4432 0
4433 23629
4434 -23629
4435 0
4436 60156
4437 46747
4438 0
4439 0
4440 -36675
4441 0
4442 0
4443 0
4444 0
4445 0
4446 0
4447 0
4448 0
4449 0
4450 0
4451 51473
4452 0
4453 -4102
4454 0
4455 0
4456 0
4457 13629
4458 0
4459 0
4460 -53368
4461 0
4462 0
4463 0
4464 0
4465 0
4466 32669
4467 0
4468 -11892
4469 0
4470 0
4471 0
4472 -44192
4473 0
4474 0
4475 41474
4476 0
4477 0
4478 0
4479 112072
4480 -7752
4481 -30851
4482 0
4483 0
4484 0
4485 0
4486 0
4487 0
4488 0
4489 29427
4490 0
4491 54325
4492 0
4493 0
4494 0
4495 0
4496 -50040
4497 0
4498 0
4499 0
4500 0
4501 0
4502 0
4503 0
4504 0
4505 0
4506 0
4507 0
4508 0
4509 0
4510 0
4511 0
4512 0
4513 0
4514 47497
4515 0
4516 48578
4517 -128600
4518 0
4519 -60156
4520 0
4521 0
4522 -44796
4523 0
4524 0
4525 0
4526 0
4527 0
4528 34774
4529 -35035
4530 -12046
4531 17323
4532 40423
4533 0
4534 0
4535 25709
4536 0
4537 0
4538 0
4539 0
4540 0
4541 0
4542 8195
4543 0
4544 -10398
4545 0
4546 41423
4547 0
4548 0
4549 0
4550 25555
4551 0
4552 0
4553 14047
4554 0
4555 -24497
4556 0
4557 0
4558 0
4559 13504
4560 -27653
4561 -10505
4562 -109825
4563 34673
4564 52659
4565 0
4566 0
4567 0
4568 0
4569 19908
4570 0
4571 0
4572 0
4573 -317850
4574 19810
4575 -132519
4576 34619
4577 0
4578 9083
4579 0
4580 24304
4581 0
4582 0
4583 22974
4584 0
4585 0
4586 0
4587 0
4588 0
4589 0
4590 -66316
4591 0
4592 0
4593 0
4594 0
4595 0
4596 0
4597 22748
4598 0
4599 0
4600 0
4601 0
4602 34303
4603 0
4604 0
4605 0
4606 0
4607 0
4608 -17072
4609 0
4610 0
4611 0
4612 0
4613 0
4614 60099
4615 0
4616 0
4617 0
4618 0
4619 0
4620 0
4621 0
4622 20605
4623 0
4624 0
4625 0
4626 0
4627 0
4628 0
4629 0
4630 0
4631 0
4632 0
4633 20753
4634 0
4635 0
4636 0
4637 2920
4638 0
4639 0
4640 0
4641 0
4642 0
4643 0
4644 0
4645 0
4646 0
4647 0
4648 0
4649 0
4650 0
4651 46209
4652 0
4653 0
4654 0
4655 0
4656 0
4657 0
4658 0
4659 0
4660 0
4661 -27177
4662 0
4663 0
4664 0
4665 0
4666 0
4667 0
4668 38796
4669 41394
4670 0
4671 0
4672 0
4673 0
4674 45647
4675 23983
4676 -20680
4677 -107824
4678 0
4679 0
4680 0
4681 0
4682 0
4683 0
4684 0
4685 0
4686 0
4687 0
4688 0
4689 -44677
4690 0
4691 -117374
4692 0
4693 0
4694 0
4695 0
4696 0
4697 -54617
4698 0
4699 0
4700 20941
4701 0
4702 -224168
4703 93432
4704 -2008
4705 64892
4706 0
4707 0
4708 0
4709 0
4710 0
4711 -21700
4712 0
4713 11103
4714 0
4715 -23871
4716 0
4717 0
4718 0
4719 0
4720 -28040
4721 0
4722 0
4723 0
4724 0
4725 7885
4726 0
4727 0
4728 0
4729 0
4730 0
4731 0
4732 0
4733 0
4734 0
4735 0
4736 0
4737 0
4738 0
4739 0
4740 0
4741 0
4742 0
4743 0
4744 0
4745 0
4746 0
4747 0
4748 0
4749 0
4750 0
4751 0
4752 0
4753 0
4754 0
4755 0
4756 -84524
4757 0
4758 -82503
4759 0
4760 0
4761 46160
4762 149039
4763 0
4764 0
4765 0
4766 0
4767 0
4768 0
4769 14597
4770 -59176
4771 -59176
4772 -78819
4773 -18728
4774 0
4775 0
4776 0
4777 0
4778 0
4779 0
4780 0
4781 0
4782 -33423
4783 0
4784 33423
4785 0
4786 0
4787 71007
4788 -6524
4789 -87711
4790 -81705
4791 -50900
4792 0
4793 0
4794 0
4795 0
4796 0
4797 9391
4798 0
4799 0
4800 0
4801 0
4802 0
4803 0
4804 0
4805 0
4806 0
4807 0
4808 0
4809 0
4810 0
4811 0
4812 0
4813 0
4814 0
4815 53259
4816 0
4817 0
4818 -14772
4819 -37376
4820 0
4821 0
4822 0
4823 0
4824 0
4825 0
4826 0
4827 0
4828 0
4829 0
4830 0
4831 49162
4832 0
4833 7601
4834 0
4835 0
4836 104555
4837 0
4838 0
4839 0
4840 -69075
4841 -86384
4842 0
4843 0
4844 0
4845 0
4846 0
4847 45662
4848 0
4849 0
4850 86384
4851 33199
4852 0
4853 0
4854 0
4855 -15157
4856 0
4857 0
4858 0
4859 0
4860 -30103
4861 0
4862 -133360
4863 0
4864 0
4865 44192
4866 -13629
4867 -57002
4868 0
4869 -82234
4870 0
4871 0
4872 53368
4873 -54339
4874 0
4875 -75146
4876 0
4877 0
4878 0
4879 -82533
4880 -38373
4881 0
4882 0
4883 -32669
4884 0
4885 25703
4886 -46340
4887 0
4888 32823
4889 0
4890 -72873
4891 0
4892 0
4893 0
4894 0
4895 0
4896 0
4897 0
4898 0
4899 0
4900 0
4901 0
4902 0
4903 0
4904 0
4905 0
4906 0
4907 0
4908 0
4909 0
4910 0
4911 0
4912 0
4913 0
4914 -35489
4915 0
4916 -19709
4917 0
4918 0
4919 -35673
4920 30531
4921 0
4922 -181632
4923 -2082
4924 -25555
4925 22188
4926 0
4927 0
4928 -22748
4929 0
4930 0
4931 7741
4932 0
4933 0
4934 5437
4935 0
4936 0
4937 -21036
4938 0
4939 -218
4940 0
4941 -10398
4942 -46629
4943 0
4944 0
4945 61550
4946 -61550
4947 39539
4948 0
4949 -21388
4950 -17364
4951 0
4952 -25590
4953 19665
4954 0
4955 0
4956 0
4957 -56016
4958 0
4959 20962
4960 -22525
4961 0
4962 2223
4963 0
4964 0
4965 0
4966 0
4967 37798
4968 0
4969 0
4970 55969
4971 -20004
4972 0
4973 -37798
4974 0
4975 -108533
4976 49371
4977 -53667
4978 0
4979 83809
4980 0
4981 0
4982 0
4983 0
4984 0
4985 0
4986 0
4987 -20461
4988 -27735
4989 0
4990 0
4991 0
4992 0
4993 -32823
4994 -25160
4995 -54325
4996 0
4997 0
4998 0
4999 9510
5000 0
5001 22418
5002 0
5003 -114963
5004 52456
5005 0
5006 0
5007 -34291
5008 -27079
5009 74329
5010 -140915
5011 0
5012 20481
5013 0
5014 0
5015 0
5016 22350
5017 0
5018 -41660
5019 0
5020 0
5021 0
5022 -15036
5023 0
5024 0
5025 0
5026 0
5027 0
5028 0
5029 0
5030 0
5031 -145982
5032 0
5033 0
5034 0
5035 0
5036 0
5037 50067
5038 0
5039 0
5040 69075
5041 0
5042 0
5043 0
5044 -50067
5045 -60707
5046 0
5047 -47930
5048 0
5049 0
5050 0
5051 -4289
5052 -54063
5053 0
5054 0
5055 0
5056 30103
5057 0
5058 0
5059 38054
5060 -85690
5061 0
5062 0
5063 0
5064 0
5065 0
5066 0
5067 0
5068 8542
5069 0
5070 0
5071 0
5072 0
5073 0
5074 0
5075 0
5076 0
5077 0
5078 0
5079 0
5080 0
5081 29923
5082 0
5083 0
5084 0
5085 -63296
5086 0
5087 0
5088 -104555
5089 -69639
5090 13749
5091 -75372
5092 -177180
5093 0
5094 -27897
5095 99055
5096 -7885
5097 0
5098 -9729
5099 0
5100 0
5101 0
5102 -18527
5103 0
5104 0
5105 0
5106 0
5107 0
5108 0
5109 0
5110 0
5111 0
5112 0
5113 43090
5114 0
5115 0
5116 0
5117 -68790
5118 0
5119 0
5120 0
5121 0
5122 0
5123 0
5124 0
5125 0
5126 0
5127 0
5128 0
5129 0
5130 0
5131 0
5132 0
5133 0
5134 64989
5135 0
5136 0
5137 0
5138 0
5139 10082
5140 0
5141 -77370
5142 0
5143 0
5144 0
5145 -14508
5146 -32769
5147 0
5148 0
5149 -86550
5150 0
5151 7752
5152 31732
5153 0
5154 0
5155 0
5156 0
5157 0
5158 0
5159 32769
5160 0
5161 0
5162 14012
5163 0
5164 0
5165 0
5166 0
5167 0
5168 0
5169 -187927
5170 -54
5171 16692
5172 0
5173 0
5174 0
5175 -50634
5176 -96489
5177 0
5178 0
5179 -38697
5180 0
5181 14772
5182 0
5183 0
5184 -45647
5185 30652
5186 0
5187 -5873
5188 -21232
5189 0
5190 0
5191 -33232
5192 -65231
5193 33232
5194 50252
5195 37525
5196 28318
5197 -19252
5198 0
5199 17515
5200 5220
5201 0
5202 0
5203 0
5204 0
5205 0
5206 0
5207 1720
5208 0
5209 0
5210 0
5211 0
5212 0
5213 0
5214 0
5215 0
5216 0
5217 5873
5218 0
5219 -30652
5220 0
5221 0
5222 -63484
5223 0
5224 0
5225 -58837
5226 -58837
5227 -58837
5228 -20481
5229 1563
5230 0
5231 107
5232 0
5233 2974
5234 0
5235 -18804
5236 -25121
5237 0
5238 0
5239 -16813
5240 0
5241 0
5242 0
5243 -1831
5244 0
5245 0
5246 0
5247 0
5248 0
5249 0
5250 0
5251 24913
5252 0
5253 0
5254 0
5255 0
5256 0
5257 0
5258 0
5259 -62650
5260 0
5261 0
5262 0
5263 0
5264 -38424
5265 -12216
5266 0
5267 0
5268 0
5269 0
5270 0
5271 -190362
5272 -23349
5273 0
5274 0
5275 0
5276 0
5277 -98871
5278 0
5279 0
5280 -61204
5281 0
5282 0
5283 25232
5284 0
5285 -80937
5286 0
5287 0
5288 0
5289 -73745
5290 0
5291 0
5292 0
5293 -55178
5294 -23873
5295 0
5296 22368
5297 -129900
5298 0
5299 18992
5300 18992
5301 0
5302 0
5303 0
5304 0
5305 27763
5306 81705
5307 42629
5308 -51417
5309 0
5310 0
5311 -33955
5312 0
5313 0
5314 0
5315 0
5316 0
5317 43129
5318 0
5319 14910
5320 0
5321 0
5322 0
5323 0
5324 -16423
5325 33824
5326 100262
5327 0
5328 6330
5329 0
5330 0
5331 0
5332 0
5333 0
5334 -30975
5335 -64931
5336 0
5337 0
5338 26867
5339 44795
5340 0
5341 35505
5342 0
5343 0
5344 0
5345 0
5346 0
5347 26798
5348 31049
5349 0
5350 0
5351 -26798
5352 -46160
5353 0
5354 0
5355 0
5356 0
5357 74
5358 0
5359 0
5360 -140036
5361 0
5362 0
5363 -90506
5364 -51676
5365 -46831
5366 16135
5367 0
5368 0
5369 0
5370 0
5371 19178
5372 0
5373 0
5374 0
5375 0
5376 0
5377 0
5378 0
5379 -29171
5380 17072
5381 0
5382 0
5383 -93432
5384 -375
5385 37089
5386 0
5387 0
5388 0
5389 0
5390 0
5391 -68829
5392 0
5393 0
5394 0
5395 0
5396 0
5397 0
5398 -82558
5399 19850
5400 -18342
5401 -81446
5402 7938
5403 -134405
5404 0
5405 -21016
5406 -71037
5407 -71037
5408 -5654
5409 -9510
5410 10102
5411 -64470
5412 58831
5413 -26227
5414 0
5415 -119964
5416 0
5417 -35734
5418 -9538
5419 -54717
5420 -5525
5421 13327
5422 69935
5423 0
5424 -334678
5425 0
5426 0
5427 0
5428 -9387
5429 0
5430 -109136
5431 -56956
5432 4034
5433 12871
5434 0
5435 0
5436 0
5437 -31422
5438 0
5439 0
5440 0
5441 237
5442 -35566
5443 -13619
5444 0
5445 0
5446 0
5447 0
5448 27674
5449 -84068
5450 0
5451 0
5452 0
5453 0
5454 0
5455 -188832
5456 -63034
5457 -20573
5458 -686
5459 -130366
5460 -37761
5461 0
5462 -53404
5463 -37603
5464 -20605
5465 -1048
5466 25773
5467 -52456
5468 0
5469 615
5470 25381
5471 23349
5472 0
5473 0
5474 19709
5475 0
5476 0
5477 1930
5478 1930
5479 -3661
5480 -55302
5481 0
5482 -11276
5483 0
5484 0
5485 -23742
5486 -15011
5487 0
5488 -20874
5489 24951
5490 -41992
5491 0
5492 0
5493 0
5494 -59654
5495 0
5496 0
5497 0
5498 -49772
5499 0
5500 0
5501 0
5502 0
5503 0
5504 0
5505 0
5506 21091
5507 0
5508 0
5509 0
5510 0
5511 20245
5512 -21091
5513 36931
5514 0
5515 0
5516 -86604
5517 0
5518 0
5519 0
5520 -2431
5521 19209
5522 -34774
5523 0
5524 0
5525 0
5526 -3015
5527 -149158
5528 0
5529 0
5530 -40239
5531 0
5532 0
5533 0
5534 0
5535 0
5536 0
5537 0
5538 16310
5539 0
5540 0
5541 0
5542 0
5543 0
5544 30348
5545 30348
5546 47930
5547 0
5548 0
5549 0
5550 0
5551 0
5552 0
5553 0
5554 0
5555 0
5556 0
5557 0
5558 0
5559 0
5560 0
5561 0
5562 0
5563 0
5564 0
5565 -18845
5566 18845
5567 -31049
5568 -162547
5569 -43090
5570 0
5571 0
5572 0
5573 0
5574 0
5575 0
5576 0
5577 23587
5578 0
5579 16185
5580 27815
5581 0
5582 -20245
5583 -8195
5584 42355
5585 -2954
5586 12158
5587 0
5588 0
5589 0
5590 0
5591 0
5592 0
5593 0
5594 -17594
5595 -261321
5596 -108673
5597 -7803
5598 -95723
5599 -20249
5600 -134426
5601 -18237
5602 -245239
5603 0
5604 -130603
5605 -31150
5606 -106916
5607 -69252
5608 -66648
5609 0
5610 -27531
5611 -12
5612 0
5613 0
5614 0
5615 18613
5616 0
5617 0
5618 0
5619 0
5620 -79647
5621 -28356
5622 -25147
5623 0
5624 0
5625 -35569
5626 -23025
5627 0
5628 23025
5629 -8872
5630 -35426
5631 0
5632 0
5633 0
5634 -15874
5635 0
5636 -8482
5637 18237
5638 -14663
5639 0
5640 0
5641 -120720
5642 -58145
5643 -100262
5644 -83809
5645 0
5646 0
5647 -25061
5648 -79608
5649 -67899
5650 1831
5651 0
5652 0
5653 0
5654 0
5655 0
5656 0
5657 0
5658 0
5659 0
5660 0
5661 0
5662 0
5663 0
5664 0
5665 0
5666 0
5667 0
5668 0
5669 -98092
5670 22615
5671 22091
5672 18339
5673 0
5674 0
5675 -118395
5676 0
5677 -68998
5678 -199669
5679 0
5680 -48884
5681 -68312
5682 0
5683 0
5684 15609
5685 0
5686 0
5687 0
5688 0
5689 -28050
5690 -26739
5691 0
5692 0
5693 0
5694 0
5695 -23983
5696 -22243
5697 22243
5698 0
5699 -17994
5700 -83586
5701 0
5702 0
5703 0
5704 0
5705 0
5706 -51416
5707 0
5708 -114158
5709 -32112
5710 -34475
5711 0
5712 0
5713 0
5714 -26281
5715 -7399
5716 4395
5717 -57836
5718 -57836
5719 -57836
5720 -17323
5721 41660
5722 -21010
5723 -29427
5724 -55887
5725 -282624
5726 11283
5727 14119
5728 21065
5729 -46209
5730 0
5731 0
5732 0
5733 -24628
5734 16813
5735 -40448
5736 0
5737 0
5738 -55969
5739 0
5740 0
5741 0
5742 0
5743 -243358
5744 54617
5745 0
5746 0
5747 0
5748 0
5749 0
5750 0
5751 0
5752 -50021
5753 0
5754 0
5755 -70003
5756 0
5757 0
5758 -81198
5759 0
5760 0
5761 -25085
5762 -201669
5763 0
5764 -135825
5765 -105989
5766 -30197
5767 -60175
5768 -8477
5769 -203214
5770 -2999
5771 -87302
5772 20123
5773 -35196
5774 -49251
5775 0
5776 -121155
5777 20107
5778 -24725
5779 -117659
5780 -5680
5781 -47952
5782 0
5783 37376
5784 0
5785 2995
5786 -19665
5787 -16689
5788 24
5789 -136302
5790 19995
5791 0
5792 0
5793 0
5794 -39539
5795 16227
5796 -47538
5797 -37313
5798 16959
5799 -22974
5800 -35400
5801 0
5802 0
5803 -12333
5804 0
5805 0
5806 -41396
5807 -30516
5808 -18992
5809 -25011
5810 -96941
5811 -37525
5812 19513
5813 0
5814 0
5815 -159067
5816 0
5817 -66825
5818 0
5819 -101133
5820 -87985
5821 -70402
5822 -40033
5823 -15609
5824 0
5825 19215
5826 -735
5827 -4139
5828 19215
5829 19215
5830 19215
5831 -16602
5832 19209
5833 -2576
5834 35775
5835 0
5836 0
5837 -13625
5838 -43129
5839 0
5840 -38796
5841 0
5842 0
5843 -164173
5844 0
5845 0
5846 0
5847 0
5848 -35148
5849 2431
5850 -14877
5851 0
5852 0
5853 -102927
5854 0
5855 18699
5856 -28824
5857 -36865
5858 0
5859 -16310
5860 9045
5861 37024
5862 -37024
5863 0
5864 0
5865 -129943
5866 -60099
5867 -41423
5868 -149039
5869 -147031
5870 -42338
5871 0
5872 2082
5873 0
5874 -30531
5875 16107
5876 -35467
5877 0
5878 0
5879 0
5880 0
5881 0
5882 0
5883 0
5884 0
5885 0
5886 13352
5887 -247731
5888 15994
5889 -78052
5890 -78052
5891 -64483
5892 -111898
5893 0
5894 -1905
5895 -99055
5896 103238
5897 17775
5898 17775
5899 -329175
5900 -113659
5901 -20753
5902 0
5903 17373
5904 0
5905 -25555
5906 0
5907 0
5908 -27711
5909 -5417
5910 -56682
5911 0
5912 0
5913 -38054
5914 -14910
5915 -63396
5916 0
5917 0
5918 0
5919 -283913
5920 -88998
5921 0
5922 0
5923 -8752
5924 0
5925 0
5926 -68760
5927 -64989
5928 0
5929 -168692
5930 -63443
5931 -68289
5932 0
5933 -16712
5934 0
5935 0
5936 0
5937 15817
5938 15797
5939 0
5940 -85755
5941 0
5942 -90851
5943 0
5944 0
5945 -76285
5946 14663
5947 0
5948 0
5949 -16251
5950 0
5951 0
5952 0
5953 0
5954 0
5955 15303
5956 595
5957 -158399
5958 -6063
5959 30252
5960 -74118
5961 -281221
5962 -13275
5963 -64892
5964 0
5965 0
5966 0
5967 -12545
5968 -113649
5969 0
5970 0
5971 0
5972 -29163
5973 0
5974 -115988
5975 0
5976 0
5977 -344637
5978 -2295
5979 -95017
5980 -4879
5981 -22789
5982 -28886
