0
0
0
0
0
0
0
0
0
0
-90
1
0
-32
258
0
-226
0
-17
57
0
0
0
0
0
0
0
216
0
-37
0
0
0
0
0
0
0
0
0
0
0
0
0
-24
0
0
0
-1
0
0
0
0
0
0
0
0
56
0
0
0
0
-2
-17
-27
-47
-271
0
0
0
41
0
0
0
0
0
0
0
99
0
3
10
0
-16
0
0
0
-20
-27
0
0
0
85
-53
0
0
0
0
0
222
0
0
0
0
0
1
0
0
0
170
0
92
0
0
0
0
0
0
4
0
0
0
21
0
-11
-98
46
3
0
0
0
0
0
0
0
87
0
-22
2
-57
0
0
0
0
0
158
10
0
-10
0
0
0
0
-15
0
0
-1
0
-5
-3
267
0
21
0
0
0
0
0
0
-16
0
-109
0
-9
17
0
0
0
0
-1
-93
-149
0
0
-2
-59
0
0
0
20
0
0
24
0
0
0
0
0
-33
23
0
0
-2
0
0
0
68
0
18
0
-68
0
0
0
0
0
0
0
0
0
-71
23
0
0
-101
0
0
0
0
0
0
0
0
0
10
0
-14
0
0
0
-135
0
0
0
0
0
0
-39
7
0
0
0
-11
0
-3
-857
15
0
0
0
0
-23
0
0
0
-46
0
0
0
0
0
0
-9
55
0
-26
0
0
0
0
0
55
0
0
0
0
0
-38
-11
0
0
0
-42
0
0
51
-7
0
-72
0
0
0
35
0
0
0
0
0
0
0
0
0
0
0
-449
0
-1
0
0
0
0
0
0
0
0
0
0
0
-34
0
0
0
0
0
-40
0
0
89
0
0
0
0
21
0
0
0
0
-269
0
0
0
0
0
0
511
0
0
0
120
0
0
0
-20
0
0
16
0
34
0
2
7
-30
0
0
0
0
0
0
0
-30
0
0
0
0
0
0
0
0
0
0
0
0
0
-41
-1
-19
0
-66
-11
0
0
0
0
-203
0
0
0
0
5
0
0
0
63
0
0
0
0
-22
0
35
0
0
101
0
-21
0
0
0
0
0
0
0
0
0
0
0
0
0
0
0
-42
9
17
0
144
0
0
3033
1
-82
-7
0
0
0
0
0
-51
0
30
0
0
0
-7
-148
0
0
0
0
33
0
-1
0
0
0
-2
-32
0
0
0
0
-40
-3
0
0
0
0
0
0
0
0
0
0
7
0
-51
46
0
0
0
0
-5
129
0
0
0
5
0
0
24
0
-23
0
0
-35
0
-95
13
-10
-4
0
19
-169
0
42
0
0
0
0
0
-60
0
8
0
0
-13
-11
0
0
0
0
0
0
0
30
0
0
139
0
0
0
-16
-29
0
0
-7
0
0
0
-9
0
-14
0
0
0
0
0
26
0
0
0
0
0
0
0
0
0
0
0
0
0
0
0
5
0
0
0
15
-83
0
0
138
23
0
0
0
0
0
0
0
0
0
0
-11
0
0
0
0
0
0
0
0
39
0
0
0
-23
64
0
-22
0
0
0
0
0
84
0
-19
14
0
0
0
0
0
0
0
0
97
0
43
7
0
0
15
0
0
0
0
0
0
0
0
0
-24
-157
0
35
0
0
0
0
0
0
0
0
0
0
14
0
-8
28
0
0
0
3
0
0
0
-16
0
0
0
20
0
0
0
0
0
0
0
0
0
0
0
0
-7
0
-27
0
0
-33
23
-19
0
0
0
93
0
0
0
0
0
0
7
23
-17
0
0
0
0
0
0
226
22
0
0
0
-20
0
0
0
0
-33
0
0
0
0
0
40
25
0
-1
0
0
7
0
0
11
0
0
0
0
0
0
0
0
0
0
0
0
33
68
0
0
0
0
-23
0
0
0
0
0
3
56
-29
0
0
0
29
0
16
0
0
41
0
96
0
0
0
0
9
0
0
70
0
0
5
0
0
17
-647
-37
0
0
3
0
0
0
234
-92
0
0
0
0
0
0
0
0
-14
29
40
0
0
0
0
54
0
0
0
0
0
16
0
0
-65
34
0
0
-49
-392
0
-25455
0
-1
0
-17
0
40
0
0
0
0
0
0
0
0
0
0
-28
0
-4
0
0
0
0
1
2
0
8
38
0
0
-34
0
0
-19
0
0
0
0
0
0
0
0
0
0
0
0
-124
0
0
0
5
0
24
0
0
-44
16
0
0
0
0
3
0
-46
0
0
-21
0
0
4
0
0
0
0
0
0
0
0
0
0
0
0
0
-47
0
0
0
-6
2
0
0
-1
0
0
0
0
0
0
0
0
0
0
-23
0
0
0
14
0
0
52
0
22
0
-82
-10
0
0
0
27
0
7
-9
0
0
0
0
0
-14
25
0
0
0
-2
-91
-110
0
0
0
0
0
0
0
0
-18
0
0
-14
0
29
0
0
0
0
0
1
0
0
0
-16
0
0
0
0
0
0
0
0
-13
0
0
-216
0
0
0
22
0
-10
21
0
25
0
0
0
-17
0
0
0
0
0
-896
0
0
0
0
-1362
6
0
0
0
0
318
0
0
0
0
0
47
0
0
0
43
0
0
0
6
0
0
0
0
0
0
14
0
0
-59
89
0
0
22
0
-72
-96
-10
0
-9
0
0
0
0
0
0
0
0
-1785
0
0
0
5
0
0
22
0
0
0
0
0
0
0
0
0
0
0
0
0
0
12
0
2
0
3
0
0
11
0
0
0
0
94
0
0
0
0
0
0
8
0
0
0
0
22
0
-6821
0
0
0
0
0
0
0
0
0
0
0
0
0
45
0
0
-57
0
0
0
12
0
91
0
0
0
0
-11
99
-82
0
0
3
-76
0
0
0
415
18
0
0
0
0
0
0
0
15
0
3
0
0
0
0
0
0
0
0
0
0
0
0
0
0
0
0
0
0
25
-21
0
-90
0
0
0
7
0
0
0
0
0
0
0
0
0
0
0
0
0
0
0
0
0
0
8
0
0
0
0
-7
2
-88
0
21
0
0
0
-236
0
0
0
105
0
0
47
-34
0
0
0
0
0
0
0
0
0
0
0
32
-75
0
0
5
0
-155
0
0
0
0
0
0
0
0
0
0
0
0
0
0
0
0
0
0
0
658
0
0
0
0
0
0
0
-14
-8
47
0
-9
0
-29
0
0
0
0
0
0
0
-3
0
0
0
0
0
81
-137
0
0
15
0
0
-32
0
-27
0
0
0
77
0
0
0
0
0
0
0
4
0
27
0
0
0
-29
0
0
-3
0
0
0
-34
0
-53
0
-16
-18
0
2
12
0
0
0
0
0
0
0
0
3
0
0
31
0
0
0
0
0
-28
0
0
0
0
-64
0
112
0
14
0
0
0
0
0
0
0
0
0
0
-29
0
0
0
0
0
0
0
16
0
0
0
0
-20
0
0
0
0
0
0
-8
0
5
0
-4
97
0
0
0
0
-158
0
0
0
4
0
0
7
9
0
-51
2
0
0
98
21
0
0
0
0
0
-1
-22
-80
13
0
23
0
2
6
0
0
0
0
0
0
1183
0
0
0
-54
7
1
0
0
0
0
0
-2
431
46
0
0
-45
0
0
0
0
0
0
0
0
0
0
0
-30
0
0
-86
0
-53
0
0
0
0
0
-258
0
0
-31
0
0
0
1
0
0
0
-7
0
0
0
0
0
33
-15
0
-8
25
0
0
0
12
0
7
0
-26
7
0
0
0
0
0
0
0
0
0
0
0
0
0
0
113
6
-16
0
0
-35
0
0
0
7
0
0
0
0
0
0
0
0
0
0
-40
0
8
0
-29
0
-25
22
0
0
0
0
0
0
0
36
0
0
0
56
15
0
0
0
0
0
0
-4
0
41
-29
0
0
0
0
0
0
0
0
0
0
0
0
0
29
0
0
-46
0
0
0
0
0
0
9
0
44
0
0
0
0
-47
0
0
0
0
0
0
8
0
0
0
1
0
0
0
0
-113
0
0
135
0
0
0
0
0
23
0
-974
0
25
0
0
0
0
0
77
0
0
0
0
0
0
0
0
0
0
0
0
0
-56
0
0
0
0
1
0
0
0
0
-4
0
0
0
0
88
0
0
0
0
0
0
0
0
0
0
0
0
0
0
0
0
-50
15
0
0
0
-9
0
88
0
0
0
0
0
0
0
0
0
0
0
-91
0
0
0
0
0
0
0
0
0
0
0
0
0
0
43
0
0
0
0
0
-7
10
0
30
-11
0
0
0
0
7
0
0
0
0
0
0
0
0
0
0
0
0
0
0
26
0
0
0
0
0
0
0
0
0
0
0
652
0
0
0
0
0
0
0
0
0
0
0
0
325
0
2
0
0
-170
0
0
0
0
0
0
0
-30
14
0
0
0
-3
0
-23
82
-120
0
0
0
0
0
0
-28
0
-28
-64
8
0
-46
0
0
-24
10
0
0
0
0
0
0
0
0
0
0
138
0
0
-2
1
0
0
0
0
0
0
0
119
0
0
0
81
0
0
0
0
0
-71
0
0
34
0
0
-18
19
0
0
0
0
0
0
-35
0
0
0
0
0
24
0
0
0
0
47
0
0
0
0
20
0
0
0
0
0
0
-1
-63
0
0
0
0
0
0
82
0
0
0
0
307
0
0
47
0
0
0
0
45
0
0
0
0
0
0
0
0
0
0
0
-5
-2
0
0
0
0
18
0
0
-10
0
0
18
0
46
0
0
0
0
0
0
96
0
0
0
0
-4
0
0
0
0
0
0
0
-11
0
0
0
-79
-160
0
0
0
0
0
0
157
0
0
0
0
0
0
0
0
0
0
3
23
0
0
-22
0
4
0
0
0
0
0
87
0
2
0
0
0
-32
0
0
0
0
0
0
0
19
0
0
-18
0
0
0
0
-98
0
0
0
0
0
98
0
0
0
0
27
0
0
0
0
0
0
0
0
0
0
0
-1
-37
0
0
0
0
0
0
0
0
0
-1
0
66
0
0
0
0
-3
0
-34
0
0
0
0
0
0
0
0
0
22
-34
0
0
16
0
0
0
-15
19
0
0
0
0
0
0
0
0
0
0
32
0
0
0
0
-2
42
0
-44
105
7
0
0
0
0
138
0
0
28
0
0
-5
64
0
0
0
0
0
24
0
0
0
0
0
0
-35
0
0
0
29
0
0
0
0
0
0
0
0
0
64
0
0
0
-88
0
0
-36
0
0
0
0
0
0
0
-21
-28
0
0
0
0
0
0
0
0
0
0
2
0
0
0
0
86
-22
0
0
0
0
-24
0
-9
0
0
0
0
0
0
0
-79
0
-18
0
29
0
0
0
2
0
0
0
0
0
0
3
0
0
7
0
10
0
0
0
-6
-88
0
87
0
0
120
-3
15
0
0
16
0
-70
0
0
0
0
0
51
-2669
0
0
0
0
0
0
0
0
7
0
0
0
0
0
0
0
0
0
0
0
0
0
0
-22
-8
0
0
0
0
0
0
-29
28
0
0
27
0
-19
7
0
-101
0
-106
2
0
0
0
29
0
0
0
0
42
0
-29
0
0
81
0
-26
0
0
3
-7
0
0
43
0
0
35
21
0
0
0
0
3
0
0
0
0
0
35
0
0
14
0
0
0
0
-61
0
0
0
0
0
29
0
-5
0
0
0
-14
0
0
0
0
0
0
0
-89
0
-35
-59
0
0
0
0
0
0
0
0
0
0
0
-216
-47
33
0
-7
0
0
0
0
0
-38
0
0
0
0
0
0
-47
0
0
0
0
-57
0
0
0
0
0
0
0
0
0
-9
0
0
0
0
0
14
0
0
0
0
-87
51
0
0
0
0
0
0
0
0
0
0
0
0
0
56
-8
0
4
0
-16
0
0
0
-106
0
0
-55
175
24
0
0
0
33
7
-22
-101
0
0
0
2
0
0
0
0
-167
100
31
0
0
7
0
0
0
47
21
14
0
0
0
0
10
0
0
0
59
0
0
0
10
0
0
0
-1
0
0
0
0
0
-116
-3
0
0
-87
-41
-97
-22
0
-246
0
47
0
-47
0
0
0
0
0
0
0
-42
52
0
0
0
0
0
0
30
0
7
0
-18
0
0
0
0
0
0
0
-29
0
5
0
0
0
0
0
0
17
7
-2
0
0
0
0
0
0
0
0
0
0
16
0
21
34
0
0
31
0
-129
0
0
0
0
0
7
0
0
0
0
0
0
-26
0
0
0
0
0
160
0
0
23
83
0
13
0
0
28
5
0
0
0
0
0
0
0
0
0
0
0
9
4
0
-38
0
0
0
-44
0
-1923
0
0
0
0
0
0
0
0
0
0
0
16
0
0
0
-14
0
0
0
0
-16
0
0
8
0
0
-389
0
0
0
0
0
0
0
0
0
0
0
0
0
0
14
0
0
0
36
14
0
0
0
0
0
0
0
22
0
0
0
0
0
0
0
0
0
0
0
0
0
0
0
0
43
27
0
0
0
0
-35
0
0
0
0
0
0
0
-33
0
0
51
0
0
0
0
0
-75
0
0
-6
47
0
0
0
0
0
0
0
0
0
-3
0
0
0
0
0
53
0
0
0
0
0
-15
0
0
0
-112
12
-96
0
0
0
0
0
-1
0
0
0
6
0
0
0
7
-13
0
0
0
0
0
0
0
-150
0
0
71
0
-18
0
4
0
0
0
0
0
35
0
39
5
34
0
0
0
0
0
15
0
0
0
0
0
100
7
66
0
0
-3
0
45
0
0
0
0
0
0
0
0
0
0
0
1290
0
82
0
14
148
0
47
0
0
0
0
0
0
0
0
0
0
0
0
-43
43
0
0
0
0
0
0
0
264
0
0
0
0
-25
0
0
0
0
0
15
18
0
0
0
0
4
0
0
0
0
0
0
0
0
44
0
0
0
-64
15
0
0
-12
0
0
-35
0
0
0
-23
0
0
0
0
0
-29
0
0
0
0
0
0
-77
0
0
-66
0
0
0
0
-5
-197
0
0
0
0
0
0
0
0
-307
0
0
0
0
0
0
0
0
0
0
0
0
0
11
0
0
0
0
-35
0
0
14
41
0
0
0
0
0
3
0
0
0
-10
0
0
0
-3
0
0
0
33
0
0
21
29
0
0
22
18
0
0
0
0
0
0
-13
0
-6
0
0
-32
-29
-20
-87
0
0
0
0
4
59
0
0
0
0
-13
0
0
0
0
-22
0
0
0
0
1094
6
-616
0
0
0
4
2637
-16
0
8
1
0
0
0
0
0
-50
0
0
0
0
0
0
0
0
0
0
26
0
0
0
0
0
0
0
0
0
0
0
0
0
0
0
0
-31
0
0
0
91
0
0
0
0
0
0
156
0
-4
-26
-1253
0
0
0
0
0
0
-8
0
0
0
0
0
0
0
170
0
0
0
71
0
0
0
0
0
0
0
0
0
-3
0
0
0
0
0
0
0
0
0
0
0
0
0
0
-1
1
0
0
0
-6976
0
0
-8
-53
0
0
0
0
0
0
0
-12
0
0
0
0
-43
7
0
216
0
0
0
0
1
0
0
-23
-25
0
0
0
0
0
0
0
0
0
0
0
0
2
0
0
-56
0
0
0
-448
0
0
-13
0
0
0
0
0
-13
0
0
0
-89
-222
0
0
0
137
5
-70
-2
0
-27
0
0
0
0
0
-144
0
0
0
-23
0
0
-13
0
0
0
0
0
0
0
-47
429
0
0
0
0
0
0
0
0
-6
0
-22
-34
0
0
0
-13
0
0
-265
0
0
0
0
23
20
0
81
0
0
0
0
0
0
0
0
0
-46
0
0
0
0
-4
0
-43
-125
0
0
0
0
0
0
-32
0
-5
0
0
0
0
-344
0
0
0
-857
0
0
0
-84
-41
0
0
0
0
0
0
0
22
0
0
0
0
0
16
0
42
4
0
-40
0
0
0
0
0
-3
85
0
29
76
0
-3
-19
17
-31
0
0
0
0
0
0
0
0
0
0
-57
0
0
0
0
25
0
0
2
0
0
0
2
0
0
0
-28
0
0
0
0
0
0
0
0
0
0
0
0
0
0
1
0
0
0
0
0
0
0
0
0
0
0
0
0
0
0
0
0
0
0
0
0
0
0
0
0
-100
0
0
0
2912
22
0
0
0
0
126
0
0
0
17
0
0
-1
0
0
2
-323
-3
-47
0
0
-2
0
-60
0
0
0
1407
0
-17
0
35
0
16
0
0
0
0
0
0
0
0
0
0
0
0
0
0
5
0
0
0
0
22
0
0
0
0
0
0
23
0
0
-7
0
0
0
-20
0
0
41
0
13
-39
0
0
0
0
49
0
-57
34
0
-5
0
0
0
0
0
0
0
0
0
0
0
16
0
23
1
0
30
0
0
0
0
-17
0
0
0
0
1923
-31
0
0
0
0
0
-96
0
0
0
0
0
0
0
0
0
0
0
0
0
0
0
0
0
0
35
0
1
0
-7
8433
-13
0
0
-12
0
0
0
-581
0
0
0
0
104
0
0
7162
41
0
21
0
0
0
0
-71
-44
8
0
0
0
0
0
151
0
0
0
0
0
0
32
0
0
0
0
14
0
0
0
-2
0
0
0
0
0
7
0
0
-14
-20
0
0
0
0
0
61
-51
0
-90
-5
179
-87
-29
0
0
6
-1
0
-8
65
0
0
-83
97
-8
0
0
22
-1
0
0
17
0
0
-21
0
-16
0
0
0
0
-3
0
0
-27
0
0
0
0
0
-69
0
0
0
0
0
0
0
0
0
0
2
0
-42
-7
0
0
0
-42
0
0
0
0
-28
0
0
7
0
-25
1
0
0
0
0
0
0
0
-16
0
0
0
0
0
-14
0
0
-15
0
0
0
0
0
-4
0
0
0
0
0
0
0
0
0
0
-8
0
0
-23
0
0
0
0
0
0
0
0
-67
-9
0
0
0
-29
0
0
0
-85
-68
-28
0
0
0
0
0
-3
0
0
83
0
0
0
0
0
-119
0
110
0
0
0
0
0
0
41
0
0
0
0
0
0
0
0
0
0
0
0
6
0
0
0
0
0
39
0
-1
0
0
0
0
0
0
0
0
0
0
0
-5
0
0
0
0
0
0
0
0
0
0
0
0
0
0
0
-10
0
0
0
0
71
0
0
-3
0
0
30
0
-91
0
0
0
0
0
0
0
0
0
0
0
0
0
-8
0
0
0
0
23
0
0
0
0
0
0
-107
0
97
0
0
-30
0
0
0
0
0
0
0
31
23
0
-34
-13
8
0
0
0
0
0
0
0
335
0
0
-102
9
70
0
0
0
7
-31
0
0
0
0
0
3
0
3
-2
0
0
0
0
-2
66
51
-5
0
0
0
0
90
0
0
-80
0
0
6778
0
0
1
0
0
0
-89
0
0
0
0
0
0
0
0
0
0
0
-47
0
-142
0
68
4
0
0
0
0
-86
0
0
0
0
0
0
0
0
0
0
18
0
0
0
0
0
0
0
7
0
16482
0
0
79
0
0
0
0
0
0
0
0
0
2
0
-23
0
0
0
0
-3
0
0
32
13
7
0
230
17
-21
0
75
0
0
-94
-9
12
0
0
0
0
0
-4
0
0
0
0
0
-20
0
0
0
-35
0
0
0
0
0
0
0
-2
-33
0
0
-6
0
-11
0
0
0
0
44
0
0
0
0
187
0
0
0
0
0
-21
0
50
0
0
0
0
-48
-9
3
0
0
0
0
0
40
0
0
0
0
0
0
0
0
0
35
0
55
0
0
0
0
0
0
0
0
0
0
0
0
0
0
0
0
0
0
0
0
0
0
0
0
0
-2
0
0
0
0
41
0
-23
0
0
0
0
-15
0
0
0
-13
50
0
14
0
0
0
0
0
0
0
8
0
0
0
-6463
0
0
0
0
0
10
17
0
0
0
0
0
0
-2
-1094
0
0
0
0
0
0
-52
192
0
46
27
0
-16
0
0
0
-6
-23
6
-160
70
-9
0
1
0
0
20
0
0
0
0
44
28
0
0
-39
0
0
10
-25
0
0
22
109
0
17
-55
-156
0
0
0
-2
0
0
0
0
-6
0
0
0
0
0
857
0
18
0
0
34
-22
0
67
0
0
2
0
0
0
0
0
0
0
0
0
0
0
0
0
0
0
0
0
0
38
0
0
-45
0
0
-34
0
0
0
0
20
0
6
0
0
0
3
-39
-138
20
0
0
0
60
0
0
0
0
-11
-15
0
0
0
0
0
0
0
13
0
0
-17
0
0
0
0
0
0
0
0
0
-111
0
0
0
-9
0
0
0
0
0
-60
-68
0
35
0
0
0
0
0
4
3
0
0
-1
0
0
0
0
0
69
0
-29
0
0
5
-54
22
0
0
0
0
0
0
0
0
0
0
0
0
0
35
0
0
0
0
0
0
68
0
0
0
0
0
0
0
0
-10
0
0
0
-81
0
0
0
0
-94
-104
0
-20
0
-149
0
0
0
0
0
0
-21
6
0
0
9
0
0
54
0
0
-9
0
0
0
0
0
0
0
-33
-12
0
0
-17
-42
0
0
0
0
0
0
-67
0
0
0
0
0
0
0
0
0
0
2
0
0
-58
0
0
-5
0
0
733
0
0
0
0
0
0
0
0
0
0
0
0
0
0
0
0
0
0
0
0
47
35
0
0
0
0
0
0
0
0
-105
-18
-45
0
0
-3033
0
0
0
0
0
0
0
0
0
80
0
-7
0
0
0
0
0
16
-34
0
-30
73
0
0
0
47
0
-89
89
0
358
0
0
0
0
0
-22
9
0
0
9
0
0
0
0
0
47
9
0
0
0
0
-1
0
0
0
-65
-42
0
-28
55
0
87
0
0
0
0
0
7
0
-24
0
0
0
0
-7
0
0
0
0
0
0
0
0
0
70
0
0
0
9
9
0
0
10
0
0
0
0
0
0
0
0
-47
-36
0
-43
0
0
0
0
28
0
-10
0
0
21
0
14
-2
31
22
-122
17
7
23
51
0
-46
0
0
0
0
0
0
0
88
-47
0
-96
0
0
2973
0
0
-100
0
0
0
44
0
23
0
0
0
0
0
0
21
0
20
-26
0
0
0
0
0
0
0
0
0
0
-137
12
0
0
0
0
80
0
2
0
20
0
0
0
52
0
0
0
41
0
0
-8
0
0
0
98
0
0
0
0
-189
-37
0
0
0
0
3
0
0
0
0
0
-79
-80
-28
-104
76
8
0
0
53
-5
5
-41
-431
0
0
0
0
0
0
0
0
0
0
0
0
0
0
1
0
0
-52
0
0
0
0
0
53
0
0
41
2
0
0
20
0
857
55
0
0
0
13
0
0
-12
0
0
153
0
-34
0
-28
0
-70
-7
0
0
0
0
0
-31
-44
0
0
0
0
0
-47
0
0
0
0
0
0
0
0
0
0
0
0
0
0
0
0
0
-1
0
0
0
6
24
0
0
-14
0
113
0
0
12
0
0
0
0
0
0
0
0
0
-16
0
0
-93
0
-80
0
0
-42
0
3
0
0
42
-33
0
-33
9
0
35
0
-4
0
-57
-74
0
0
0
0
0
46
98
0
0
0
0
-26
0
0
0
0
0
8
0
0
4
0
0
0
0
0
0
0
0
0
0
53
0
0
0
36
0
0
0
0
0
-23
-3
0
0
0
0
0
0
0
0
0
14
0
0
0
0
0
0
0
0
-4
0
-41
0
7
1
0
0
5
-81
18
18
0
0
0
0
0
0
0
-31
0
0
0
0
-141
-7
0
82
0
-43
0
-88
0
0
0
0
-15
0
0
0
0
0
0
0
0
0
0
0
0
0
0
0
-2783
0
0
0
4
21
-6
0
5261
0
49
0
1
-53
0
0
0
0
0
0
0
0
0
2
0
0
0
0
66
0
0
0
0
0
1
0
0
0
0
0
0
0
102
14
0
2
0
0
0
0
19
0
0
0
0
-1
0
0
0
3
0
0
0
0
0
-34
0
0
0
0
-69
0
0
0
2
26
1
0
0
7
0
0
0
0
0
0
0
0
0
0
17
-1
0
3
0
20
26
0
0
0
-23
0
304
7
-23
0
0
0
0
0
77
0
0
-4
0
0
0
0
0
-77
-25
0
0
0
-22
0
-51
0
0
0
77
0
0
0
0
0
0
0
44
0
35
0
25
0
0
0
0
0
0
0
0
16
0
0
23
0
0
0
0
0
0
0
0
0
-14
0
219
0
0
0
3
-215
0
0
0
44
0
0
0
0
0
-4
0
7
-9
0
0
0
0
0
0
-82
0
0
12
0
-258
0
0
0
0
0
0
25
0
0
37
0
3
-33
0
0
0
0
0
0
0
0
0
0
0
0
101
0
0
7
4
0
0
0
0
-23
0
0
0
0
0
-81
0
0
0
0
0
0
-7
0
23
0
0
0
0
0
0
0
0
0
33
0
0
0
0
-41
0
0
0
0
0
0
39
0
0
91
0
0
0
1
0
0
0
0
0
0
0
0
0
0
0
0
0
0
0
0
0
0
0
0
0
0
18
107
-45
0
0
0
0
0
0
0
11
0
0
0
28
0
0
6
-98
3
-2
0
0
0
0
-41
-20
0
-10
0
0
0
89
0
0
0
0
34
0
-44
-27
0
23
0
0
0
0
0
0
0
0
0
0
0
0
0
0
0
0
0
28
0
0
0
0
0
-7
0
57
-79
0
0
0
0
0
0
0
0
-10
0
0
0
0
0
-265
0
-138
0
3
0
0
0
-2327
0
0
0
-97
0
-65
0
0
0
0
0
0
0
0
0
0
6
0
0
0
0
25
0
0
0
0
0
0
0
0
0
0
106
0
0
2
0
0
0
0
0
0
94
472
0
0
11
0
0
0
0
0
0
-6
0
0
0
26
-141
0
0
0
-4
0
0
0
0
-126
0
0
0
0
0
-21
0
0
0
0
85
0
0
0
47
0
0
-4
0
0
0
0
0
0
0
-1
-17
0
-29
0
0
0
0
74
0
0
0
0
0
0
0
59
0
0
0
0
0
0
0
0
-17
-52
-23
0
-429
0
0
0
0
0
54
5
0
0
0
0
0
0
0
15
0
0
0
0
0
0
0
0
0
14
0
14
21
21
0
-217
42
0
0
0
144
0
-7
0
0
0
0
0
0
0
39
0
0
0
0
0
0
0
0
0
2426
0
0
0
-21
0
0
0
0
154
0
0
0
0
0
41
0
0
0
0
0
-86
0
-12
0
0
0
0
0
0
0
0
0
-4852
0
0
0
8
0
0
0
0
0
0
0
0
0
-89
0
73
0
0
0
0
0
-1
0
0
-26
0
0
0
57
0
0
0
0
43
0
-3
-117
-9
0
0
0
0
265
0
-47
0
0
0
0
53
0
42
0
0
28
0
-2
0
0
-8
0
0
-312
72
0
-84
0
-68
0
113
0
0
0
1
0
22
0
0
-8
0
0
26
0
-22
-5
0
0
0
0
-9
87
0
-6
0
-10
0
58
-16
-7
0
0
-25
0
0
0
0
0
7140
0
0
197
34
-17
7
0
0
12
0
-1
0
0
-113
0
0
29
0
0
0
0
32
0
0
38
0
0
0
0
0
0
0
0
0
0
1
0
0
0
-27
0
0
0
0
0
0
0
0
-22
-153
107
0
0
24
47
0
0
0
0
0
0
0
0
0
0
0
0
0
0
0
25
54
0
0
0
-53
0
0
23
28
0
18
0
0
0
0
0
0
0
89
0
0
33
-733
0
0
0
0
-41
0
6
0
0
0
0
52
0
0
-5
0
0
19
0
0
0
0
0
-54
0
0
0
21
0
0
0
0
0
0
0
0
0
0
0
0
0
0
0
0
6
-2
75
0
0
0
0
0
16
0
0
0
0
0
-32506
75
3612
13331
0
3826
11442
220
5746
0
147
0
-830
-7944
-1844
5478
-8476
-12341
2315
0
0
-492
5519
8489
9793
-1374
5
-19819
-1557
-2588
4
282
1582
216
-718
4440
75
7161
4232
-121
-497
70
-868
-133
1871
-3277
73
-3557
10549
15
-309
-1320
3
-170
4
-1129
1719
-884
-121
-8
-213
10929
-4930
3906
21
2719
102
-99
-1690
-639
-654
-8
2365
15
145
727
11549
-993
2087
2744
322
5
4
19
-31
15
-497
-91
-61
-836
98
-1374
43
446
1952
-512
1595
311
609
14
-936
49
-497
0
-536
285
-229
4713
3211
-9502
-9353
7
264
-753
3781
-492
-12
-1406
7
-184
-52
-687
-1844
73
-252
-234
-25
-1493
0
10447
-834
-35
-868
70
-3567
-564
-10205
3570
129
-860
5
-115
5519
-2417
-1079
21
-1749
-22
-2537
-8250
4787
-117
-3557
-1253
3795
-1752
0
-133
71
58
1619
2201
49
-791
-376
70
-384
626
-673
906
-501
126
-496
2275
70
1414
37
-156
-104
-492
0
-295
-88
480
-879
-57
143
-944
2655
-5802
-3116
299
-1172
-604
3222
-1248
