0
0
0
0
0
-1
0
0
0
0
-104
0
0
-38
306
0
-273
0
-21
67
0
0
0
0
0
0
0
210
0
-48
0
0
0
0
0
0
0
0
0
0
0
0
0
-23
0
0
0
-14
0
0
0
0
0
0
0
0
65
0
0
0
0
-4
-17
-32
-55
-633
0
0
0
48
0
0
0
0
0
0
0
116
0
4
11
0
-15
0
0
0
-24
-33
0
0
0
100
-64
0
0
0
0
0
263
0
0
0
0
0
2
0
0
0
199
0
108
0
0
0
0
0
0
3
0
0
0
24
0
-9
-114
54
2
0
0
0
0
0
0
0
102
0
-26
4
-62
0
0
0
0
0
187
8
0
-21
0
0
0
0
-14
0
0
-2
0
-7
-5
315
0
24
0
0
0
0
0
0
-19
0
-126
0
-8
17
0
0
0
1
-2
-92
-173
0
0
-3
-69
0
0
0
24
0
0
29
0
0
0
0
0
-39
22
0
0
-1
0
0
0
83
0
17
0
-67
0
0
0
0
0
0
0
0
0
-83
27
0
0
-118
0
0
0
0
0
0
0
0
0
12
0
-17
0
0
0
-166
0
0
0
0
0
0
-45
8
0
0
0
-10
0
-2
-856
19
0
0
0
0
-27
0
0
0
-54
0
0
0
0
0
0
-7
64
0
-34
0
0
0
0
0
67
0
0
0
0
0
-48
-10
0
0
0
-51
0
0
45
-8
0
-70
0
0
0
40
0
0
0
0
0
0
0
0
0
0
0
-523
0
-2
0
0
0
0
0
0
0
0
0
0
0
-38
0
0
0
0
0
-48
0
0
104
0
0
0
0
25
0
0
0
0
-313
0
0
0
0
0
0
584
0
0
0
130
0
0
0
-19
0
0
19
0
41
0
3
9
-35
0
0
0
0
0
0
0
-35
0
0
0
0
0
0
0
0
0
0
0
0
0
-48
-1
-23
0
-78
-9
0
0
0
0
-199
0
0
0
0
6
0
0
0
71
0
0
0
0
-27
0
41
0
0
118
0
-25
0
0
0
0
0
0
0
0
0
0
0
0
0
0
0
-41
7
17
0
173
0
0
3025
2
-94
-6
0
0
0
0
0
-60
0
36
0
0
0
-8
-173
0
0
0
0
40
0
-2
0
0
0
-3
-41
0
0
0
0
-47
-2
0
0
0
0
0
0
0
0
0
0
8
0
-60
48
0
0
0
0
-4
145
0
0
0
2
0
0
29
0
-22
0
0
-42
0
-111
13
-9
-2
0
23
-145
0
49
0
0
0
0
0
-70
0
11
0
0
-9
-14
0
0
0
0
0
0
0
35
0
0
151
0
0
0
-15
-34
0
0
-8
0
0
0
-8
0
-3
0
0
0
0
0
31
0
0
0
0
0
0
0
0
0
0
0
0
0
0
0
7
0
0
0
13
-98
0
0
129
27
0
0
0
0
0
0
0
0
0
0
-94
0
0
0
0
0
0
0
0
42
0
0
0
-19
75
0
-21
0
0
0
0
0
98
0
-23
16
0
0
0
0
0
0
0
0
114
0
51
8
0
0
1
0
0
0
0
0
0
0
0
0
-28
-156
0
41
0
0
0
0
0
0
0
0
0
0
17
0
-10
32
0
0
0
2
0
0
0
-19
0
0
0
24
0
0
0
0
0
0
0
0
0
0
0
0
-11
0
-32
0
0
-38
29
-14
0
0
0
92
0
0
0
0
0
0
9
27
-17
0
0
0
0
0
0
273
26
0
0
0
-17
0
0
0
0
-28
0
0
0
0
0
44
30
0
-2
0
0
8
0
0
14
0
0
0
0
0
0
0
0
0
0
0
0
40
80
0
0
0
0
-27
0
0
0
0
0
2
51
-34
0
0
0
26
0
21
0
0
49
0
111
0
0
0
0
11
0
0
81
0
0
7
0
0
20
-646
-44
0
0
4
0
0
0
274
-108
0
0
0
0
0
0
0
0
-17
34
47
0
0
0
0
52
0
0
0
0
0
19
0
0
-68
40
0
0
-53
-473
0
-6428
0
-2
0
-21
0
48
0
0
0
0
0
0
0
0
0
0
-30
0
-4
0
0
0
0
-1
3
0
10
45
0
0
-40
0
1
-23
0
0
0
0
0
0
0
0
0
0
0
0
-145
0
0
0
6
0
29
0
0
-52
16
0
0
0
0
4
0
-54
0
0
-26
0
0
5
0
0
0
0
0
0
0
0
0
0
0
0
0
-55
0
0
0
-8
3
0
0
-2
0
0
0
0
0
0
0
0
0
0
-27
0
0
0
17
0
0
54
0
26
0
-97
-12
0
0
0
32
0
2
-13
0
0
0
0
0
-16
30
0
0
0
-3
-95
-132
0
0
0
0
0
0
0
0
-22
0
0
-13
0
27
0
0
0
0
0
2
0
0
0
-19
0
0
0
0
0
0
0
0
-16
0
0
-210
0
0
0
26
0
-9
20
0
29
0
0
0
-20
0
0
0
0
0
-1041
0
0
0
0
-1364
5
0
0
0
0
364
0
0
0
0
0
55
0
0
0
46
0
0
0
8
0
0
0
0
0
0
17
0
0
-65
105
0
0
26
0
-85
-92
-13
0
-20
0
0
0
0
0
0
0
0
-1775
0
0
0
6
0
0
26
0
0
0
0
0
0
0
0
0
0
0
0
0
0
10
0
3
0
2
0
0
14
0
0
0
0
110
0
0
0
0
0
0
10
0
0
0
0
26
0
-6815
0
-1
0
0
0
0
0
0
0
0
0
0
0
54
0
0
-87
0
0
0
10
0
90
0
0
0
0
-11
119
-96
0
0
2
-89
0
0
0
407
16
0
0
0
0
0
0
0
20
0
3
0
0
0
0
0
0
0
0
0
0
0
0
0
0
0
0
0
0
30
-20
0
-107
0
0
0
8
0
0
0
0
0
0
0
0
0
0
0
0
0
0
0
0
0
0
6
0
0
0
0
-6
3
-103
0
24
0
0
0
-261
0
0
0
135
0
0
55
-40
0
0
0
0
0
0
0
0
0
0
0
32
-88
0
0
5
0
-184
0
0
0
0
0
0
0
0
0
0
0
0
1
0
0
0
0
0
0
658
0
0
0
0
0
0
0
-17
-10
55
-1
-9
0
-34
0
0
0
0
0
0
0
-4
0
0
0
0
0
96
-133
0
0
14
0
0
-39
0
-33
0
0
0
90
0
0
0
0
0
0
0
6
0
32
0
0
0
-27
0
0
-4
0
0
0
-40
0
-62
0
-19
-16
0
3
15
0
0
0
0
0
0
0
0
2
0
0
37
0
0
0
0
0
-34
0
0
0
0
-75
0
128
0
16
0
0
0
0
0
0
0
0
0
0
-47
0
0
0
0
0
0
0
17
0
0
0
0
-24
0
0
0
0
0
0
-7
0
7
0
-3
109
0
0
-1
0
-187
0
0
0
5
0
0
8
11
0
-57
3
0
0
94
25
0
0
0
0
0
-2
-26
-94
16
0
28
0
3
8
0
0
0
0
0
0
1156
0
0
0
-63
9
2
0
0
0
0
0
-3
428
54
0
0
-53
0
0
0
0
0
0
0
0
0
0
0
-36
0
0
-100
0
-63
0
0
0
0
0
-306
0
0
-37
0
0
0
1
0
0
0
-6
0
0
0
0
0
39
-18
0
-6
30
0
0
0
15
0
10
0
-31
10
0
0
0
0
0
0
0
0
0
0
0
0
0
0
143
6
-19
0
0
-48
0
0
0
8
0
0
0
0
0
0
0
0
0
0
-47
0
10
0
-34
0
-25
13
0
0
0
0
0
0
0
34
0
0
0
57
18
0
0
0
0
0
0
-3
0
48
-34
0
0
0
0
0
0
0
0
0
0
0
0
0
34
0
0
-43
0
0
0
0
0
0
11
0
43
0
0
0
0
-55
0
0
0
0
0
0
10
0
0
0
0
0
0
0
0
-143
0
0
166
0
0
0
0
0
27
0
-961
0
30
0
0
0
0
0
76
0
0
0
0
0
0
0
0
0
0
0
0
0
-57
0
0
0
0
0
0
0
0
0
-3
-1
0
0
0
103
0
0
0
0
0
0
0
0
0
0
0
0
0
0
0
0
-61
14
0
0
0
-12
0
96
0
0
0
0
0
0
0
0
0
0
0
-90
0
0
0
0
0
0
0
0
0
0
0
0
0
0
51
0
0
0
0
0
-9
7
0
35
-14
0
0
0
0
8
0
0
0
0
0
0
0
0
0
0
0
0
0
0
25
0
0
0
0
0
0
0
0
0
0
0
746
0
0
0
0
0
0
0
0
0
0
0
0
373
0
2
0
0
-199
0
0
0
0
0
0
0
-36
17
0
0
0
-2
0
-27
96
-141
0
0
0
0
0
0
-27
0
-33
-76
10
0
-54
0
0
-28
9
0
0
0
0
0
0
0
0
0
0
160
0
0
-3
1
0
0
0
0
0
0
0
139
0
0
0
95
0
0
0
0
0
-83
0
0
42
0
0
-22
23
0
0
0
0
0
0
-34
0
0
0
0
0
28
0
0
0
0
56
0
0
0
0
24
0
0
0
0
0
0
1
-71
0
0
0
0
0
0
97
0
0
0
0
359
0
0
55
0
0
0
0
35
0
0
0
0
0
0
0
0
0
0
0
-12
-3
0
0
0
0
23
0
0
-9
0
0
21
0
54
0
0
0
0
1
0
112
0
0
0
0
-6
0
0
0
0
0
0
0
-8
0
0
0
-84
-1151
0
0
0
0
0
0
156
0
0
0
0
0
0
1
0
0
0
5
19
0
0
-26
0
6
0
0
0
0
0
111
0
3
0
0
0
-33
0
0
0
0
0
0
0
23
0
0
-15
0
0
0
0
-97
0
0
0
0
0
99
0
0
0
0
32
0
0
0
0
0
0
0
0
0
0
0
-2
-44
0
0
0
0
0
0
0
0
0
3
0
78
0
0
0
0
-4
0
-42
0
0
0
0
0
0
0
0
0
29
-41
0
0
19
0
0
0
-19
23
0
0
0
0
0
0
0
0
0
0
39
0
0
0
0
-3
49
0
-43
120
8
0
0
0
0
138
0
0
33
0
0
-6
75
0
0
0
0
0
23
0
0
0
0
0
0
-41
0
0
0
34
0
0
0
0
0
0
0
0
0
76
0
0
0
-104
0
0
-42
0
0
0
0
0
0
0
-25
-30
0
0
0
0
0
0
0
0
0
0
4
0
0
0
0
101
-26
0
0
0
0
-22
0
-11
0
0
0
0
0
0
0
-78
0
-16
0
31
0
0
0
3
0
0
0
0
0
0
6
0
0
8
0
12
0
0
0
-5
-93
0
103
0
0
141
-2
18
0
0
19
0
-82
0
0
0
0
0
60
-2658
0
0
0
0
0
0
0
0
9
0
0
0
0
0
0
0
0
0
0
0
0
0
0
-26
-10
0
0
0
0
0
0
-34
27
0
0
33
0
-23
8
0
-118
0
-103
1
0
0
0
34
0
0
0
0
49
0
-34
0
0
95
0
-31
0
0
4
-10
0
0
51
0
0
41
25
0
0
0
0
4
0
0
0
0
0
34
0
0
17
0
0
0
0
-76
0
0
0
0
0
34
0
-7
0
0
0
-17
0
0
0
0
0
0
0
-105
0
-41
-69
0
0
0
0
0
0
0
0
0
0
0
-226
-55
38
0
-10
0
0
0
0
0
-45
0
0
0
0
0
0
-55
0
0
0
0
-58
0
0
0
0
0
0
0
0
0
-7
0
0
0
0
0
17
0
0
0
0
-103
60
0
0
0
0
0
0
0
0
0
0
0
0
0
59
-10
-1
3
0
-19
0
0
0
-124
0
0
-55
175
30
0
0
0
39
8
-26
-118
0
0
0
3
0
-1
0
0
-272
117
38
0
0
8
0
0
0
46
24
15
0
0
0
0
9
0
0
0
63
0
0
0
16
0
0
0
-2
0
0
0
0
0
-113
-4
0
0
-104
-48
-114
-26
0
-262
0
55
0
-46
0
0
0
0
0
0
0
-50
61
0
0
0
0
0
0
35
0
8
0
-18
0
0
0
0
0
0
0
-34
0
6
0
0
0
0
0
0
15
6
-3
0
0
0
0
0
0
0
0
0
0
21
0
24
40
0
0
37
0
-142
0
0
0
0
0
7
0
0
0
0
0
0
-33
0
0
0
0
0
193
0
0
27
97
0
12
0
0
33
6
0
0
0
0
0
0
0
0
0
0
0
11
5
0
-45
0
0
0
-52
0
-1926
0
0
0
0
0
0
0
0
0
0
0
19
0
0
0
-17
0
0
0
0
-19
0
0
10
0
0
-438
0
0
0
0
0
0
0
0
0
0
0
0
0
0
16
0
0
0
39
16
0
0
0
0
0
0
0
26
0
0
0
0
0
0
0
0
0
0
0
0
0
0
0
0
50
26
0
0
0
0
-41
0
0
0
0
0
0
0
-39
0
0
50
0
0
0
0
0
-88
0
0
-7
47
0
0
0
0
0
0
0
0
0
-5
0
0
0
0
0
63
0
0
0
0
0
-13
0
0
0
-128
14
-111
0
0
0
0
0
0
0
0
0
7
0
0
0
9
-10
0
0
0
0
0
0
0
-169
0
0
83
0
-21
0
4
0
0
0
0
0
48
0
35
4
41
0
0
0
0
0
18
0
0
0
0
0
117
5
79
0
0
-2
0
55
0
0
0
0
0
0
0
0
0
0
0
1287
0
96
0
16
173
0
55
0
0
0
0
0
0
0
0
0
0
0
0
-49
58
0
0
0
0
0
0
0
295
0
0
0
0
-30
0
0
0
0
0
14
23
0
0
0
0
2
0
0
0
0
0
0
0
0
47
0
0
0
-72
14
0
0
-14
0
0
-33
0
0
0
-27
0
0
0
0
0
-33
0
0
0
0
0
0
-92
0
0
-77
0
0
0
0
-5
-231
0
0
0
0
0
0
0
0
-359
0
0
0
0
0
0
0
0
0
0
0
0
0
11
0
0
0
0
-41
0
0
15
48
0
0
0
0
0
4
0
0
0
-16
0
0
0
-4
0
0
0
39
0
0
25
40
0
0
27
18
0
0
0
0
0
0
-12
0
-8
0
0
-31
-26
-24
-102
0
0
0
0
5
69
0
0
0
0
-16
0
0
0
0
-26
0
0
0
0
1212
5
-719
0
0
0
2
3004
-16
1
10
2
0
0
0
0
0
-60
0
0
0
0
0
0
0
0
0
0
22
0
0
0
0
0
0
0
0
0
0
0
0
0
0
0
0
-37
0
0
0
108
0
0
0
0
0
0
147
0
-6
-22
-1239
0
0
0
0
0
0
-10
0
0
0
0
0
0
0
182
0
0
0
83
0
0
0
0
0
0
0
0
0
-4
0
0
0
0
0
0
0
0
0
0
0
0
0
0
0
2
0
0
0
-6966
0
0
-11
-63
0
0
0
0
0
0
0
-11
0
0
0
0
-51
8
0
226
0
0
0
0
-3
0
0
-27
-30
0
0
0
0
0
0
0
0
0
0
0
0
3
0
0
-51
0
0
0
-514
0
0
-13
0
0
0
0
0
-13
0
0
0
-105
-263
0
0
0
133
4
-80
-3
0
-32
0
0
0
0
0
-168
0
0
0
-27
0
0
-13
0
0
0
0
0
0
0
-53
500
0
0
0
0
0
0
0
0
-5
0
-21
-40
0
0
0
-15
0
0
-309
0
0
0
0
27
24
0
95
0
0
0
0
0
0
0
0
0
-50
0
0
0
0
-2
0
-51
-146
0
0
0
0
0
0
-38
0
-6
0
0
0
0
-409
0
0
0
-855
0
0
0
-109
-48
0
0
0
0
0
0
0
26
0
0
0
0
0
19
0
40
6
0
-37
0
0
0
0
0
-3
102
0
34
89
0
-4
-18
20
-29
0
0
0
0
0
0
0
0
0
0
-67
0
0
0
0
36
0
0
3
0
0
0
3
0
0
0
-34
0
0
0
0
0
0
0
0
0
0
0
0
0
0
2
0
0
0
0
0
0
0
0
0
0
0
0
0
0
0
0
0
0
0
0
0
0
0
0
0
-117
0
0
0
3804
21
0
0
0
0
125
0
0
0
20
0
0
-2
0
0
2
-375
-2
-55
0
0
-3
0
-70
0
0
0
1414
0
-20
0
41
0
19
0
0
0
0
0
0
0
0
0
0
0
0
0
0
4
0
0
0
0
27
0
0
0
0
0
0
27
0
0
-5
0
0
0
-32
0
0
48
0
12
-47
0
0
0
0
56
0
-67
40
0
-9
0
0
0
0
0
0
0
0
0
0
0
19
0
27
2
0
36
0
0
0
0
-20
0
0
0
0
1926
-37
0
0
0
0
0
-112
0
0
0
0
0
0
0
0
0
0
0
0
0
0
0
0
0
0
44
0
2
0
-9
9381
-12
0
0
-15
0
0
0
-596
0
0
0
0
108
0
0
7150
48
0
20
0
0
0
0
-83
-52
6
0
0
0
0
0
181
0
0
0
0
0
0
31
0
0
0
0
16
0
0
0
-1
0
0
0
0
0
9
0
0
-17
-24
0
0
0
0
0
70
-50
0
-96
-4
206
-102
-34
0
0
5
0
0
-7
76
0
0
-97
114
-7
0
0
26
-3
0
0
22
0
0
-25
0
-19
0
0
0
0
-2
0
0
-32
0
0
0
0
0
-81
0
0
0
0
0
0
0
0
0
0
3
0
-49
-9
1
0
0
-40
0
0
0
0
-32
0
0
8
0
-26
2
0
0
0
0
0
0
0
-17
0
0
0
0
0
-17
0
0
-14
0
0
0
0
0
-6
0
0
0
0
0
0
0
0
0
0
-10
0
0
-27
0
0
0
0
0
0
0
0
-68
-11
0
0
0
-34
0
0
0
-100
-80
-33
0
0
0
0
0
-2
0
0
98
0
0
0
0
0
-148
0
112
0
0
0
0
0
0
40
0
0
0
0
0
0
0
0
0
0
0
0
8
0
0
0
0
0
45
0
-2
0
0
0
0
0
0
0
0
0
0
0
-4
0
0
0
0
0
0
0
0
0
0
0
0
0
0
0
-8
0
0
0
0
78
0
0
-2
0
0
23
0
-108
0
0
0
0
0
0
0
0
0
0
0
0
0
-11
0
0
0
0
27
0
0
0
0
0
0
-107
0
114
0
0
-38
0
0
0
0
0
0
0
29
27
0
-40
-14
7
0
0
0
0
0
0
0
382
0
0
-101
8
82
0
0
0
8
-1301
-1
0
0
0
0
5
0
2
-2
0
0
0
0
-3
71
54
-4
0
0
0
0
107
0
0
-90
0
0
6807
0
0
0
0
0
0
-104
0
0
0
0
0
0
0
0
0
0
0
-55
0
-157
0
67
2
0
0
0
0
-100
0
0
0
0
0
0
0
0
0
0
21
0
0
0
0
0
0
0
8
0
-7261
0
0
95
0
0
0
0
0
0
0
0
0
3
0
-27
0
0
0
0
-2
0
0
41
16
8
0
273
24
-27
0
88
0
0
-110
-11
14
0
0
0
0
0
-9
0
0
0
0
0
-24
0
0
0
-41
0
0
0
0
0
0
0
-3
-38
0
0
-7
0
-10
0
0
0
0
52
0
0
0
0
187
0
0
0
0
0
-20
0
61
0
0
0
0
-61
-8
4
0
0
0
0
0
47
0
0
0
0
0
0
0
0
0
40
0
63
0
0
0
0
0
0
0
0
0
0
0
0
0
0
0
0
0
0
0
0
0
0
0
0
0
-3
0
0
0
0
40
0
-27
0
0
0
0
-14
0
0
0
-16
60
0
16
0
0
0
0
0
0
0
7
0
0
0
-6450
0
0
0
0
0
13
16
0
0
0
0
0
0
-4
-1060
0
0
0
0
0
0
-62
241
0
54
32
0
-19
0
0
0
-5
-28
7
-193
82
-11
0
2
0
0
24
0
0
0
0
56
35
0
0
-46
0
0
12
-33
0
0
28
126
0
21
-64
-147
0
0
0
-1
0
0
0
0
-6
0
0
0
0
0
856
0
21
0
0
40
-26
0
79
0
0
3
0
0
0
0
0
0
0
0
0
0
0
0
0
0
0
0
0
0
45
0
0
-50
0
0
-48
0
0
0
0
17
0
8
0
5
0
4
-46
-138
32
0
0
0
70
0
0
0
0
-12
-10
0
0
0
0
0
0
0
16
0
0
-20
0
0
0
0
0
0
0
0
0
-245
0
0
0
-8
0
0
0
0
0
-59
-83
0
41
0
0
0
0
0
3
4
0
0
-2
0
0
0
0
0
81
0
-35
0
0
4
-52
26
0
0
0
0
0
0
0
0
0
0
0
0
0
38
0
0
0
0
0
0
84
0
0
0
0
0
0
0
0
-13
0
0
0
-95
0
0
0
0
-93
-108
0
-22
0
-178
0
0
0
0
0
0
-18
6
0
0
13
0
0
63
0
0
-11
0
0
0
0
0
0
0
-38
-15
0
0
-22
-49
0
0
0
0
0
0
-79
0
0
0
0
0
0
0
0
0
0
3
0
0
-68
0
0
-6
0
0
734
0
0
0
0
0
0
0
0
0
0
0
0
0
0
0
0
0
0
0
0
55
42
0
0
0
0
0
0
0
0
-109
-21
-54
0
0
-3025
0
0
0
0
0
0
0
0
0
94
0
-2
0
0
0
0
0
15
-40
0
-35
71
0
0
0
55
0
-104
104
0
412
0
0
0
0
0
-26
8
0
0
11
0
0
0
0
0
55
12
0
0
0
0
0
0
0
0
-76
-46
0
-27
65
0
102
0
0
0
0
0
6
0
-30
0
0
0
0
-9
0
0
0
0
0
0
0
0
0
80
0
0
0
8
7
0
0
8
0
0
0
0
0
0
0
0
-55
-34
0
-50
0
0
0
0
33
0
-7
0
0
25
0
16
-4
36
26
-153
20
8
27
60
0
-54
0
0
0
0
0
0
0
104
-55
0
-91
0
0
3438
0
0
-117
0
0
0
52
0
24
0
0
0
0
0
0
26
0
23
-25
0
0
0
0
0
0
0
0
0
0
-508
16
0
0
0
0
94
0
3
0
22
0
0
0
62
0
0
0
48
0
0
-10
0
0
0
97
0
0
0
0
-211
-44
0
0
0
0
4
0
0
0
0
0
-95
-78
-25
-107
89
10
0
0
61
-5
12
-48
-428
0
0
0
0
0
0
0
0
0
0
0
0
0
0
2
0
0
-61
0
0
0
0
0
62
0
0
43
1
0
0
19
0
855
55
0
0
0
14
0
0
-7
0
0
168
0
-33
0
-35
0
-81
-9
0
0
0
0
0
-35
-56
0
0
0
0
0
-56
0
0
0
0
0
0
0
0
0
0
0
0
0
0
0
0
0
-2
0
0
0
7
28
0
0
-21
0
132
0
0
19
0
0
0
0
0
0
0
0
0
-19
0
0
-97
0
-94
0
0
-49
0
0
0
0
38
-40
0
-31
11
0
33
0
-2
0
-70
-88
0
0
0
0
0
54
114
0
0
0
0
-22
0
0
0
0
0
7
0
0
3
0
0
0
0
0
0
0
0
0
0
64
0
0
0
42
0
0
0
0
0
-27
-2
0
0
0
0
0
0
0
0
0
17
0
0
0
0
0
0
0
0
-2
0
-48
0
8
0
0
0
7
-96
16
21
0
0
0
0
0
0
0
-36
0
0
0
0
-171
-9
0
97
0
-51
0
-100
0
0
0
0
-14
0
0
0
0
0
0
0
0
0
0
0
0
0
0
0
-2679
0
0
0
9
24
-5
0
5804
0
55
0
2
-58
0
0
0
0
0
0
0
0
0
3
0
0
0
0
77
0
0
0
0
0
0
0
0
0
0
0
0
0
101
15
0
3
0
0
0
0
20
0
0
0
0
0
0
0
0
4
0
0
0
0
0
-40
0
0
0
0
-81
0
0
0
1
32
2
0
0
6
0
0
0
0
0
0
0
0
1
0
21
-2
0
2
0
19
31
0
0
0
-27
0
348
4
-27
0
0
0
0
0
92
0
0
-5
0
0
0
0
0
-76
-24
0
0
0
-26
0
-45
0
0
0
92
0
0
0
0
0
0
0
52
0
39
0
25
0
0
0
0
0
0
0
0
19
0
0
27
0
0
0
0
0
0
0
0
0
-17
0
250
0
0
0
2
-250
0
0
0
52
0
0
0
0
0
-3
0
6
-12
0
0
0
0
0
0
-97
0
0
11
0
-270
0
0
0
0
0
0
33
0
0
44
0
2
-39
0
0
0
0
0
0
0
0
0
0
0
0
118
0
0
8
6
0
0
0
0
-29
0
0
0
0
0
-95
0
0
0
0
0
0
-9
0
27
0
0
0
0
0
0
0
0
0
31
0
0
0
0
-40
0
0
0
0
0
0
46
0
0
104
0
0
0
2
0
0
0
0
0
0
0
0
0
0
0
0
0
0
0
0
0
0
0
0
0
0
22
107
-43
0
0
0
0
0
0
0
10
0
0
0
34
0
0
5
-99
2
-1
0
0
0
0
-48
-19
0
-8
0
0
0
104
0
0
0
0
40
0
-52
-26
0
25
0
0
0
0
0
0
0
0
0
0
0
0
0
0
0
0
0
32
0
0
1
0
0
-6
0
69
-95
0
0
0
0
0
0
0
0
-12
0
0
0
0
0
-314
0
-136
0
4
0
0
0
-2281
0
0
0
-114
0
-78
0
0
0
0
0
0
0
0
0
0
5
0
0
0
0
24
0
0
0
0
0
0
0
0
0
0
103
0
0
1
0
0
0
0
0
0
93
551
0
0
8
0
0
0
0
0
0
-5
0
0
0
22
-165
0
0
0
-5
0
0
0
0
-150
0
0
0
0
0
-25
0
0
0
0
100
0
0
0
55
0
0
-4
0
0
0
0
0
0
0
0
-15
0
-40
0
0
0
0
89
0
0
0
0
0
0
0
69
0
0
0
0
0
0
0
0
-20
-61
-27
0
-500
0
0
0
0
0
63
6
0
0
0
0
0
0
0
18
0
0
0
0
0
0
0
0
0
16
0
16
27
18
0
-224
48
0
0
0
168
0
-6
0
0
0
0
0
0
0
46
0
0
0
0
0
0
0
0
0
2408
0
0
0
-28
0
0
0
0
181
0
0
0
0
0
48
0
0
0
0
0
-101
0
-14
0
0
0
0
0
0
0
0
0
-1646
0
0
0
10
0
0
0
0
0
0
0
0
0
-104
0
87
0
0
0
0
0
0
0
0
-32
0
0
0
67
0
0
0
0
51
0
-4
-134
-6
0
0
0
0
309
0
-55
0
0
0
0
62
0
48
0
0
24
0
-3
0
0
-7
0
0
-363
70
0
-98
0
-84
0
133
0
0
0
2
0
26
0
0
-11
0
0
33
0
-13
-4
0
0
0
0
-11
104
0
-5
0
-12
0
68
-20
-6
0
0
-30
0
0
0
0
0
8514
0
0
231
40
-16
9
0
0
14
0
-2
0
0
-132
0
0
34
0
0
0
0
38
0
0
45
0
0
0
0
0
0
0
0
0
0
1
0
0
0
-26
0
0
0
0
0
0
0
0
-26
-168
109
0
0
22
55
0
0
0
0
0
0
0
0
0
0
0
0
0
0
0
23
65
0
0
0
-62
0
0
27
36
0
15
0
0
0
0
0
0
0
105
0
0
38
-734
0
0
0
0
-40
0
7
0
0
0
0
61
0
0
-6
0
0
23
0
0
0
0
0
-63
0
0
0
20
0
0
0
0
0
0
0
-1
0
0
0
0
0
0
0
0
7
-2
88
0
0
0
0
0
19
0
0
0
0
0
-25755
86
3271
-14057
0
4345
31853
257
6014
0
170
0
-1971
-7838
-4393
-12273
-4772
-8982
3358
0
0
-710
7131
9457
41642
-1574
6
-17043
-1574
-3047
6
368
2147
251
-1238
4769
86
-8646
4290
-116
-691
80
-1029
-318
2012
-3814
87
-2283
2471
-137
-320
-1560
-16
-180
6
-1110
1851
-901
-582
-11
-288
5853
-4914
4243
24
2998
130
-98
-1085
-796
-637
-6
1669
-137
169
1601
5920
-999
2281
3025
420
6
6
22
-146
18
-691
-158
-278
-841
-5
-1574
50
524
2585
-840
-9245
273
548
16
-1150
56
-691
0
-595
451
-233
4020
3526
-7975
-8170
8
408
-841
4748
-710
45
-11114
8
-145
-40
-1092
-4393
87
-251
-1104
-27
-1780
0
47351
-910
-36
-1029
80
-2103
-575
-8513
3840
-18
-917
6
-240
7131
-2897
-1221
11
713
-18
-4162
-7552
7167
-141
-2283
-1553
-6520
-2206
0
-318
68
69
1765
2775
57
-903
-426
80
-410
-3029
-673
57
-584
146
-1101
3049
112
3558
36
-145
-104
-710
0
-353
-83
356
-2867
-69
164
-1134
3236
-4230
-3054
599
-1143
-2838
4319
-1439
