0
0
0
0
0
4
0
0
0
0
-43
5
0
1
66
0
-38
0
-1
17
0
0
0
0
0
0
0
240
0
-41
0
0
0
0
0
0
0
0
0
0
0
0
0
-28
0
0
0
3
0
0
0
0
0
0
0
0
20
0
0
0
0
6
-17
-7
-15
-9
0
0
0
13
0
0
0
0
0
0
0
31
0
8
6
0
-20
0
0
0
-4
-4
0
0
0
25
-9
0
0
0
0
0
58
0
0
0
0
0
-3
0
0
0
54
0
28
0
0
0
0
0
0
8
0
0
0
9
0
-4
-34
14
6
0
0
0
0
0
0
0
27
0
-6
-6
-20
0
0
0
0
0
42
18
0
3
0
0
0
0
-19
0
0
3
0
3
5
75
0
15
0
0
0
0
0
0
-4
0
-66
0
-13
17
0
0
0
-4
3
-97
-49
0
0
2
-19
0
0
0
4
0
0
4
0
0
0
0
0
-9
27
0
0
-6
0
0
0
5
0
21
0
-72
0
0
0
0
0
0
0
0
0
-23
7
0
0
-33
0
0
0
0
0
0
0
0
0
2
0
-2
0
0
0
-11
0
0
0
0
0
0
-9
3
0
0
0
-15
0
-7
-861
-1
0
0
0
0
-7
0
0
0
-14
0
0
0
0
0
0
-17
19
0
-11
0
0
0
0
0
36
0
0
0
0
0
-10
-15
0
0
0
-8
0
0
75
-3
0
-80
0
0
0
15
0
0
0
0
0
0
0
0
0
0
0
-149
0
3
0
0
0
0
0
0
0
0
0
0
0
-6
0
0
0
0
0
-8
0
0
29
0
0
0
0
5
0
0
0
0
-89
0
0
0
0
0
0
219
0
0
0
47
0
0
0
-24
0
0
4
0
6
0
-2
-1
-10
0
0
0
0
0
0
0
-10
0
0
0
0
0
0
0
0
0
0
0
0
0
-13
3
-3
0
-18
-19
0
0
0
0
-219
0
0
0
0
1
0
0
0
23
0
0
0
0
-3
0
11
0
0
33
0
-5
0
0
0
0
0
0
0
0
0
0
0
0
0
0
0
-46
17
21
0
32
0
0
3065
-3
-19
-11
0
0
0
0
0
-15
0
6
0
0
0
-3
-48
0
0
0
0
5
0
3
0
0
0
2
8
0
0
0
0
-12
-7
0
0
0
0
0
0
0
0
0
0
3
0
-15
21
0
0
0
0
-8
41
0
0
0
2
0
0
4
0
-27
0
0
-27
0
-31
13
-14
-12
0
3
-277
0
14
0
0
0
0
0
-20
0
-4
0
0
-29
1
0
0
0
0
0
0
0
10
0
0
59
0
0
0
-20
-9
0
0
-3
0
0
0
-13
0
-58
0
0
0
0
0
6
0
0
0
0
0
0
0
0
0
0
0
0
0
0
0
-3
0
0
0
23
-23
0
0
72
7
0
0
0
0
0
0
0
0
0
0
-43
0
0
0
0
0
0
0
0
11
0
0
0
-5
20
0
-26
0
0
0
0
0
28
0
-3
6
0
0
0
0
0
0
0
0
29
0
11
3
0
0
83
0
0
0
0
0
0
0
0
0
-4
-161
0
11
0
0
0
0
0
0
0
0
0
0
2
0
0
12
0
0
0
3
0
0
0
-4
0
0
0
4
0
0
0
0
0
0
0
0
0
0
0
0
9
0
-7
0
0
-9
-1
-39
0
0
0
97
0
0
0
0
0
0
-1
7
-21
0
0
0
0
0
0
38
6
0
0
0
-32
0
0
0
0
-57
0
0
0
0
0
-7
5
0
3
0
0
3
0
0
-1
0
0
0
0
0
0
0
0
0
0
0
0
5
20
0
0
0
0
-7
0
0
0
0
0
7
76
-9
0
0
0
15
0
-4
0
0
9
0
36
0
0
0
0
1
0
0
-2
0
0
-3
0
0
5
-651
-6
0
0
-1
0
0
0
74
-28
0
0
0
0
0
0
0
0
-2
9
12
0
0
0
0
62
0
0
0
0
0
4
0
0
-34
10
0
0
-16
-190
0
-3586
0
3
0
-1
0
8
0
0
0
0
0
0
0
0
0
0
-8
0
-7
0
0
0
0
9
-2
0
0
10
0
0
-10
0
-4
-3
0
0
0
0
0
0
0
0
0
0
0
0
-40
0
0
0
1
0
4
0
0
-12
-3
0
0
0
0
-1
0
-14
0
0
-1
0
0
0
0
0
0
0
0
0
0
0
0
0
0
0
0
-15
0
0
0
2
-2
0
0
3
0
0
0
0
0
0
0
0
0
0
-7
0
0
0
2
0
0
23
0
6
0
-22
-2
0
0
0
24
0
27
27
0
0
0
0
0
-6
5
0
0
0
2
3
-50
0
0
0
0
0
0
0
0
-2
0
0
-18
0
37
0
0
0
0
0
-3
0
0
0
-4
0
0
0
0
0
0
0
0
-1
0
0
-240
0
0
0
6
0
-14
25
0
9
0
0
0
3
0
0
0
0
0
-294
0
0
0
0
-1354
2
0
0
0
0
126
0
0
0
0
0
15
0
0
0
21
0
0
0
-2
0
0
0
0
0
0
2
0
0
-27
25
0
0
6
0
-16
-112
2
0
9
0
0
0
0
0
0
0
0
-1825
0
0
0
1
0
0
6
0
0
0
0
0
0
0
0
0
0
0
0
0
0
20
0
-2
0
7
0
0
-1
0
0
0
0
30
0
0
0
0
0
0
0
0
0
0
0
6
0
-6845
0
4
0
0
0
0
0
0
0
0
0
0
0
9
0
0
-53
0
0
0
12
0
95
0
0
0
0
3
27
-26
0
0
7
-24
0
0
0
172
26
0
0
0
0
0
0
0
-5
0
3
0
0
0
0
0
0
0
0
0
0
0
0
0
0
0
0
0
0
5
-25
0
-22
0
0
0
3
0
0
0
0
0
0
0
0
0
0
0
0
0
0
0
0
0
0
20
0
0
0
0
-11
-2
-28
0
9
0
0
0
-78
0
0
0
-15
0
0
15
-10
0
0
0
0
0
0
0
0
0
0
0
14
-23
0
0
2
0
-34
0
0
0
0
0
0
0
0
0
0
0
0
-4
0
0
0
0
0
0
661
0
0
0
0
0
0
0
-2
0
15
4
-2
0
-9
0
0
0
0
0
0
0
1
0
0
0
0
0
21
-153
0
0
19
0
0
-4
0
-3
0
0
0
25
0
0
0
0
0
0
0
-4
0
7
0
0
0
-37
0
0
1
0
0
0
-10
0
-17
0
-4
-26
0
-2
0
0
0
0
0
0
0
0
0
7
0
0
7
0
0
0
0
0
-4
0
0
0
0
-20
0
48
0
6
0
0
0
0
0
0
0
0
0
0
-18
0
0
0
0
0
0
0
35
0
0
0
0
-4
0
0
0
0
0
0
-12
0
-3
0
-8
63
0
0
4
0
-42
0
0
0
0
0
0
3
1
0
-26
-2
0
0
24
5
0
0
0
0
0
3
-6
-24
1
0
3
0
-2
-2
0
0
0
0
0
0
1318
0
0
0
-18
-1
-3
0
0
0
0
0
2
446
14
0
0
-13
0
0
0
0
0
0
0
0
0
0
0
-6
0
0
-24
0
-9
0
0
0
0
0
-66
0
0
-7
0
0
0
-3
0
0
0
-11
0
0
0
0
0
9
-3
0
-16
5
0
0
0
0
0
-5
0
-12
-5
0
0
0
0
0
0
0
0
0
0
0
0
0
0
-7
2
-4
0
0
17
0
0
0
3
0
0
0
0
0
0
0
0
0
0
-12
0
0
0
22
0
-10
10
0
0
0
0
0
0
0
44
0
0
0
24
3
0
0
0
0
0
0
-8
0
13
-9
0
0
0
0
0
0
0
0
0
0
0
0
0
9
0
0
-58
0
0
0
0
0
0
1
0
48
0
0
0
0
-15
0
0
0
0
0
0
0
0
0
0
5
0
0
0
0
7
0
0
11
0
0
0
0
0
7
0
-1026
0
5
0
0
0
0
0
81
0
0
0
0
0
0
0
0
0
0
0
0
0
-24
0
0
0
0
5
0
0
0
0
-8
4
0
0
0
28
0
0
0
0
0
0
0
0
0
0
0
0
0
0
0
0
-6
19
0
0
0
3
0
39
0
0
0
0
0
0
0
0
0
0
0
-95
0
0
0
0
0
0
0
0
0
0
0
0
0
0
11
0
0
0
0
0
-7
22
0
10
1
0
0
0
0
3
0
0
0
0
0
0
0
0
0
0
0
0
0
0
30
0
0
0
0
0
0
0
0
0
0
0
275
0
0
0
0
0
0
0
0
0
0
0
0
198
0
5
0
0
-54
0
0
0
0
0
0
0
-6
2
0
0
0
-7
0
-7
54
-36
0
0
0
0
0
0
-32
0
-8
-16
0
0
-14
0
0
-8
14
0
0
0
0
0
0
0
0
0
0
45
0
0
2
-3
0
0
0
0
0
0
0
39
0
0
0
25
0
0
0
0
0
-23
0
0
2
0
0
-2
3
0
0
0
0
0
0
-39
0
0
0
0
0
8
0
0
0
0
11
0
0
0
0
4
0
0
0
0
0
0
-9
-23
0
0
0
0
0
0
22
0
0
0
0
99
0
0
15
0
0
0
0
99
0
0
0
0
0
0
0
0
0
0
0
23
2
0
0
0
0
-2
0
0
-14
0
0
6
0
14
0
0
0
0
-4
0
32
0
0
0
0
4
0
0
0
0
0
0
0
-23
0
0
0
2
-2
0
0
0
0
0
0
161
0
0
0
0
0
0
-4
0
0
0
-5
5
0
0
-6
0
-4
0
0
0
0
0
-9
0
-2
0
0
0
2
0
0
0
0
0
0
0
3
0
0
-30
0
0
0
0
-102
0
0
0
0
0
49
0
0
0
0
7
0
0
0
0
0
0
0
0
0
0
0
3
-9
0
0
0
0
0
0
0
0
0
-17
0
18
0
0
0
0
1
0
-2
0
0
0
0
0
0
0
0
0
-6
-6
0
0
4
0
0
0
1
3
0
0
0
0
0
0
0
0
0
0
4
0
0
0
0
2
14
0
-48
45
3
0
0
0
0
138
0
0
8
0
0
-1
42
0
0
0
0
0
28
0
0
0
0
0
0
-11
0
0
0
9
0
0
0
0
0
0
0
0
0
16
0
0
0
-24
0
0
-12
0
0
0
0
0
0
0
-5
-1
0
0
0
0
0
0
0
0
0
0
-6
0
0
0
0
26
-6
0
0
0
0
-32
0
-1
0
0
0
0
0
0
0
-83
0
-26
0
15
0
0
0
-2
0
0
0
0
0
0
-9
0
0
3
0
2
0
0
0
-10
-84
0
23
0
0
36
-6
3
0
0
4
0
-22
0
0
0
0
0
15
-2713
0
0
0
0
0
0
0
0
-1
0
0
0
0
0
0
0
0
0
0
0
0
0
0
-6
0
0
0
0
0
0
0
-9
32
0
0
3
0
-3
3
0
-33
0
-118
6
0
0
0
9
0
0
0
0
14
0
-9
0
0
25
0
-6
0
0
-1
5
0
0
11
0
0
11
5
0
0
0
0
23
0
0
0
0
0
39
0
0
2
0
0
0
0
1
0
0
0
0
0
9
0
3
0
0
0
-2
0
0
0
0
0
0
0
-25
0
-11
-19
0
0
0
0
0
0
0
0
0
0
0
-218
-15
13
0
5
0
0
0
0
0
-10
0
0
0
0
0
0
-15
0
0
0
0
-20
0
0
0
0
0
0
0
0
0
-17
0
0
0
0
0
2
0
0
0
0
-23
15
0
0
0
0
0
0
0
0
0
0
0
0
0
27
0
4
8
0
-4
0
0
0
-34
0
0
-22
114
0
0
0
0
9
3
-6
-33
0
0
0
-2
0
4
0
0
-75
32
3
0
0
3
0
0
0
51
9
6
0
0
0
0
14
0
0
0
28
0
0
0
-14
0
0
0
3
0
0
0
0
0
-128
-8
0
0
-19
-13
-29
-6
0
105
0
15
0
-51
0
0
0
0
0
0
0
2
16
0
0
0
0
0
0
10
0
3
0
-18
0
0
0
0
0
0
0
-9
0
1
0
0
0
0
0
0
25
11
2
0
0
0
0
0
0
0
0
0
0
-4
0
9
10
0
0
7
0
-41
0
0
0
0
0
3
0
0
0
0
0
0
2
0
0
0
0
0
28
0
0
7
27
0
17
0
0
8
1
0
0
0
0
0
0
0
0
0
0
0
1
0
0
-10
0
0
0
-12
0
-1939
0
0
0
0
0
0
0
0
0
0
0
4
0
0
0
-2
0
0
0
0
-4
0
0
0
0
0
-136
0
0
0
0
0
0
0
0
0
0
0
0
0
0
6
0
0
0
33
6
0
0
0
0
0
0
0
6
0
0
0
0
0
0
0
0
0
0
0
0
0
0
0
0
15
31
0
0
0
0
-11
0
0
0
0
0
0
0
-9
0
0
55
0
0
0
0
0
-23
0
0
-2
50
0
0
0
0
0
0
0
0
0
5
0
0
0
0
0
9
0
0
0
0
0
-23
0
0
0
-48
4
-36
0
0
0
0
0
-5
0
0
0
2
0
0
0
-1
-25
0
0
0
0
0
0
0
-50
0
0
23
0
-6
0
3
0
0
0
0
0
-17
0
55
9
6
0
0
0
0
0
3
0
0
0
0
0
32
3
14
0
0
-7
0
5
0
0
0
0
0
0
0
0
0
0
0
1350
0
26
0
6
48
0
15
0
0
0
0
0
0
0
0
0
0
0
0
-15
-17
0
0
0
0
0
0
0
108
0
0
0
0
-5
0
0
0
0
0
19
-2
0
0
0
0
12
0
0
0
0
0
0
0
0
16
0
0
0
-35
19
0
0
-4
0
0
-43
0
0
0
-7
0
0
0
0
0
-9
0
0
0
0
0
0
-17
0
0
-22
0
0
0
0
3
-61
0
0
0
0
0
0
0
0
-99
0
0
0
0
0
0
0
0
0
0
0
0
0
-3
0
0
0
0
-11
0
0
6
13
0
0
0
0
0
-1
0
0
0
14
0
0
0
1
0
0
0
9
0
0
5
-15
0
0
3
18
0
0
0
0
0
0
-17
0
2
0
0
-36
-41
-4
-27
0
0
0
0
0
19
0
0
0
0
-1
0
0
0
0
-6
0
0
0
0
1025
3
-204
0
0
0
3
2409
3
-4
0
-3
0
0
0
0
0
-30
0
0
0
0
0
0
0
0
0
0
42
0
0
0
0
0
0
0
0
0
0
0
0
0
0
0
0
-7
0
0
0
23
0
0
0
0
0
0
192
0
4
15
-1309
0
0
0
0
0
0
0
0
0
0
0
0
0
0
129
0
0
0
23
0
0
0
0
0
0
0
0
0
1
0
0
0
0
0
0
0
0
0
0
0
0
0
0
-5
-3
0
0
0
-7016
0
0
4
-15
0
0
0
0
0
0
0
-16
0
0
0
0
-11
3
0
218
0
0
0
0
17
0
0
-7
-5
0
0
0
0
0
0
0
0
0
0
0
0
-2
0
0
-76
0
0
0
-148
0
0
-13
0
0
0
0
0
-15
0
0
0
-25
-58
0
0
0
153
9
-67
2
0
-7
0
0
0
0
0
-48
0
0
0
-7
0
0
-15
0
0
0
0
0
0
0
-14
145
0
0
0
0
0
0
0
0
-10
0
-26
-10
0
0
0
6
0
0
-89
0
0
0
0
7
4
0
25
0
0
0
0
0
0
0
0
0
-14
0
3
0
0
-12
0
-11
-41
0
0
0
0
0
0
-8
0
-1
0
0
0
0
-176
0
0
0
-865
0
0
0
8
-13
0
0
0
0
0
0
0
6
0
0
0
0
0
4
0
50
-4
0
-64
0
0
0
0
0
-3
17
0
9
24
0
1
-23
5
-39
0
0
0
0
0
0
0
0
0
0
-17
0
0
0
0
-19
0
0
-2
0
0
0
-2
0
0
0
-4
0
0
0
0
0
0
0
0
0
0
0
0
0
0
-3
0
0
0
0
0
0
0
0
0
0
0
0
0
0
0
0
0
0
0
0
0
0
0
0
0
-32
0
0
0
3276
26
0
0
0
0
54
0
0
0
5
0
0
3
0
0
2
-107
-7
-15
0
0
2
0
-20
0
0
0
1406
0
-5
0
11
0
4
0
0
0
0
0
0
0
0
0
0
0
0
0
0
9
0
0
0
0
2
0
0
0
0
0
0
7
0
0
-15
0
0
0
28
0
0
13
0
17
-7
0
0
0
0
21
0
-17
10
0
11
0
0
0
0
0
0
0
0
0
0
0
4
0
7
-3
0
6
0
0
0
0
-5
0
0
0
0
1939
-7
0
0
0
0
0
-32
-3
0
0
0
0
0
0
0
0
0
0
0
0
0
0
0
0
0
-1
0
-3
0
1
2950
-17
0
0
0
0
0
0
-575
0
0
0
0
105
0
0
7210
13
0
25
0
0
0
0
-23
-12
16
0
0
0
0
0
31
0
0
0
0
0
0
36
0
0
0
0
6
0
0
0
-6
0
0
0
0
0
-1
0
0
-2
-4
0
0
0
0
0
25
-55
0
-35
-9
77
-27
-9
0
0
10
-5
0
-12
21
0
0
-27
29
-12
0
0
6
-4
0
0
-3
0
0
-5
0
-4
0
0
0
0
-7
0
0
-24
0
0
0
0
0
-17
0
0
0
0
0
0
0
0
0
0
-2
0
-14
1
-4
0
0
-50
0
0
0
0
-9
0
0
3
0
-17
-3
0
0
0
0
0
0
0
-35
0
0
0
0
0
-2
0
0
-19
0
0
0
0
0
4
0
0
0
0
0
0
0
0
0
0
9
0
0
-7
0
0
0
0
0
0
0
0
-99
-1
0
0
0
-9
0
0
0
-25
-20
-8
0
0
0
0
0
-7
0
0
23
0
0
0
0
0
-33
0
60
0
0
0
0
0
0
45
0
0
0
0
0
0
0
0
0
0
0
0
-2
0
0
0
0
0
9
0
3
0
0
0
0
0
0
0
0
0
0
0
-9
0
0
0
0
0
0
0
0
0
0
0
0
0
0
0
-18
0
0
0
0
29
0
0
-7
0
0
9
0
-23
0
0
0
0
0
0
0
0
0
0
0
0
0
6
0
0
0
0
7
0
0
0
0
0
0
-110
0
29
0
0
14
0
0
0
0
0
0
0
39
7
0
-10
-11
12
0
0
0
0
0
0
0
139
0
0
-106
13
22
0
0
0
3
2
2
0
0
0
0
-5
0
7
-2
0
0
0
0
2
30
19
-9
0
0
0
0
22
0
0
-25
0
0
6819
0
0
5
0
0
0
-29
0
0
0
0
0
0
0
0
0
0
0
-15
0
-89
0
72
0
0
0
0
0
-44
0
0
0
0
0
0
0
0
0
0
6
0
0
0
0
0
0
0
3
0
16104
0
0
15
0
0
0
0
0
0
0
0
0
-2
0
-7
0
0
0
0
-7
0
0
-8
1
3
0
58
-11
3
0
23
0
0
-30
-1
4
0
0
0
0
0
16
0
0
0
0
0
-4
0
0
0
-11
0
0
0
0
0
0
0
2
-13
0
0
0
0
-15
0
0
0
0
12
0
0
0
0
109
0
0
0
0
0
-25
0
6
0
0
0
0
-25
-13
-1
0
0
0
0
0
12
0
0
0
0
0
0
0
0
0
15
0
23
0
0
0
0
0
0
0
0
0
0
0
0
0
0
0
0
0
0
0
0
0
0
0
0
0
2
0
0
0
0
45
0
-7
0
0
0
0
-19
0
0
0
-1
30
0
6
0
0
0
0
0
0
0
12
0
0
0
-6515
0
0
0
0
0
-2
21
0
0
0
0
0
0
3
-1230
0
0
0
0
0
0
-12
-4
0
14
7
0
-4
0
0
0
-10
-3
2
-28
22
-1
0
-3
0
0
4
0
0
0
0
-4
31
0
0
-11
0
0
2
11
0
0
-2
66
0
1
-19
-192
0
0
0
-6
0
0
0
0
-6
0
0
0
0
0
861
0
6
0
0
10
-6
0
19
0
0
-2
0
0
0
0
0
0
0
0
0
0
0
0
0
0
0
0
0
0
10
0
0
-52
0
0
3
0
0
0
0
32
0
-2
0
-20
0
-1
-11
-138
-28
0
0
0
20
0
0
0
0
-10
-35
0
0
0
0
0
0
0
1
0
0
-5
0
0
0
0
0
0
0
0
0
-11
0
0
0
-13
0
0
0
0
0
-64
-5
0
11
0
0
0
0
0
8
-1
0
0
3
0
0
0
0
0
17
0
-5
0
0
9
-62
6
0
0
0
0
0
0
0
0
0
0
0
0
0
11
0
0
0
0
0
0
-6
0
0
0
0
0
0
0
0
2
0
0
0
-25
0
0
0
0
-98
-105
0
-4
0
-34
0
0
0
0
0
0
-33
6
0
0
-7
0
0
18
0
0
-1
0
0
0
0
0
0
0
-22
0
0
0
3
-14
0
0
0
0
0
0
-19
0
0
0
0
0
0
0
0
0
0
-2
0
0
-18
0
0
-1
0
0
734
0
0
0
0
0
0
0
0
0
0
0
0
0
0
0
0
0
0
0
0
15
27
0
0
0
0
0
0
0
0
-41
-6
-9
0
0
-3065
0
0
0
0
0
0
0
0
0
24
0
-27
0
0
0
0
0
20
-10
0
-10
81
0
0
0
15
0
-29
29
0
234
0
0
0
0
0
-6
13
0
0
1
0
0
0
0
0
15
-3
0
0
0
0
-5
0
0
0
-21
-14
0
-32
15
0
27
0
0
0
0
0
11
0
0
0
0
0
0
1
0
0
0
0
0
0
0
0
0
30
0
0
0
13
17
0
0
18
0
0
0
0
0
0
0
0
-15
-44
0
-15
0
0
0
0
8
0
-22
0
0
5
0
6
6
11
6
-115
5
3
7
15
0
-14
0
0
0
0
0
0
0
24
-15
0
-116
0
0
2784
0
0
-32
0
0
0
12
0
8
0
0
0
0
0
0
1
0
10
-30
0
0
0
0
0
0
0
0
0
0
4
-4
0
0
0
0
24
0
-2
0
0
0
0
0
12
0
0
0
13
0
0
0
0
0
0
102
0
0
0
0
-68
-9
0
0
0
0
-1
0
0
0
0
0
-15
-88
-40
-50
24
0
0
0
21
-1
-23
-13
-446
0
0
0
0
0
0
0
0
0
0
0
0
0
0
-3
0
0
-16
0
0
0
0
0
17
0
0
36
6
0
0
24
0
865
22
0
0
0
6
0
0
-32
0
0
178
0
-12
0
-31
0
2
1
0
0
0
0
0
2
4
0
0
0
0
0
-11
0
0
0
0
0
0
0
0
0
0
0
0
0
0
0
0
0
-4
0
0
0
2
4
0
0
14
0
37
0
0
-16
0
0
0
0
0
0
0
0
0
-4
0
0
3
0
-24
0
0
-14
0
3
0
0
25
-5
0
-20
1
0
43
0
0
0
-27
-18
0
0
0
0
0
14
34
0
0
0
0
-42
0
0
0
0
0
12
0
0
8
0
0
0
0
0
0
0
0
0
0
9
0
0
0
12
0
0
0
0
0
-7
-7
0
0
0
0
0
0
0
0
0
2
0
0
0
0
0
0
0
0
-13
0
-13
0
3
5
0
0
-3
-21
26
6
0
0
0
0
0
0
0
-11
0
0
0
0
-22
1
0
22
0
-11
0
-28
0
0
0
0
-19
0
0
0
0
0
0
0
0
0
0
0
0
0
0
0
-3199
0
0
0
-16
9
-10
0
2153
0
21
0
-3
-17
0
0
0
0
0
0
0
0
0
-2
0
0
0
0
22
0
0
0
0
0
5
0
0
0
0
0
0
0
106
2
0
-2
0
0
0
0
6
0
0
0
0
-4
0
0
0
-1
0
0
0
0
0
-10
0
0
0
0
-21
0
0
0
6
2
-3
0
0
11
0
0
0
0
0
0
0
0
-4
0
3
3
0
1
0
24
6
0
0
0
-7
0
129
4
-7
0
0
0
0
0
17
0
0
0
0
0
0
0
0
-81
-29
0
0
0
-6
0
-75
0
0
0
17
0
0
0
0
0
0
0
12
0
15
0
10
0
0
0
0
0
0
0
0
4
0
0
7
0
0
0
0
0
0
0
0
0
-2
0
91
0
0
0
7
-75
0
0
0
12
0
0
0
0
0
-8
0
11
-5
0
0
0
0
0
0
-22
0
0
16
0
-251
0
0
0
0
0
0
-11
0
0
9
0
7
-9
0
0
0
0
0
0
0
0
0
0
0
0
33
0
0
3
-4
0
0
0
0
1
0
0
0
0
0
-25
0
0
0
0
0
0
1
0
7
0
0
0
0
0
0
0
0
0
20
0
0
0
0
-45
0
0
0
0
0
0
11
0
0
39
0
0
0
-3
0
0
0
0
0
0
0
0
0
0
0
0
0
0
0
0
0
0
0
0
0
0
2
110
-53
0
0
0
0
0
0
0
15
0
0
0
4
0
0
10
-49
7
-6
0
0
0
0
-13
-24
0
-18
0
0
0
29
0
0
0
0
10
0
-12
-31
0
12
0
0
0
0
0
0
0
0
0
0
0
0
0
0
0
0
0
12
0
0
-4
0
0
-11
0
9
-15
0
0
0
0
0
0
0
0
-2
0
0
0
0
0
-134
0
-146
0
-1
0
0
0
-2511
0
0
0
-29
0
-14
0
0
0
0
0
0
0
0
0
0
10
0
0
0
0
29
0
0
0
0
0
0
0
0
0
0
118
0
0
6
0
0
0
0
0
0
98
278
0
0
23
0
0
0
0
0
0
-10
0
0
0
-15
-45
0
0
0
0
0
0
0
0
-30
0
0
0
0
0
-5
0
0
0
0
25
0
0
0
15
0
0
-3
0
0
0
0
0
0
0
-5
-25
0
15
0
0
0
0
14
0
0
0
0
0
0
0
19
0
0
0
0
0
0
0
0
-5
-16
-7
0
-145
0
0
0
0
0
18
1
0
0
0
0
0
0
0
3
0
0
0
0
0
0
0
0
0
6
0
6
-3
33
0
-83
14
0
0
0
48
0
-11
0
0
0
0
0
0
0
11
0
0
0
0
0
0
0
0
0
2596
0
0
0
3
0
0
0
0
47
0
0
0
0
0
13
0
0
0
0
0
-26
0
-4
0
0
0
0
0
0
0
0
0
-17676
0
0
0
0
0
0
0
0
0
0
0
0
0
-29
0
17
0
0
0
0
0
-5
0
0
-2
0
0
0
17
0
0
0
0
11
0
1
0
12
0
0
0
0
89
0
-15
0
0
0
0
17
0
18
0
0
44
0
2
0
0
-12
0
0
-100
80
0
-28
0
6
0
33
0
0
0
4
0
6
0
0
4
0
0
-2
0
-10
-9
0
0
0
0
-1
19
0
-2
0
-2
0
18
2
-11
0
0
-5
0
0
0
0
0
7172
0
0
61
10
-21
-1
0
0
4
0
3
0
0
-37
0
0
9
0
0
0
0
8
0
0
10
0
0
0
0
0
0
0
0
0
0
-11
0
0
0
-31
0
0
0
0
0
0
0
0
-6
-178
51
0
0
32
15
0
0
0
0
0
0
0
0
0
0
0
0
0
0
0
9
10
0
0
0
-17
0
0
7
-4
0
30
0
0
0
0
0
0
0
25
0
0
9
-734
0
0
0
0
-45
0
2
0
0
0
0
16
0
0
-1
0
0
3
0
0
0
0
0
-18
0
0
0
27
0
0
0
0
0
0
0
4
0
0
0
0
0
0
0
0
0
-5
23
0
0
0
0
0
4
0
0
0
0
0
-59552
31
1217
15790
0
411
42031
72
4211
0
55
0
370
-8368
1235
6802
-22607
-25819
1097
0
0
-89
-960
8278
53175
-974
1
-28876
-1501
-1967
-4
-153
654
76
-88
1523
31
5959
2845
-77
-168
30
-428
340
-490
-1930
17
-694
9681
79
-310
-829
-127
-149
-4
-1205
701
-821
297
-2
9
8042
-4994
1818
9
1185
-10
-38
-1086
-219
-1094
-16
1285
79
49
663
8810
-960
1345
842
-92
1
-4
7
52
3
-168
-10
24
-836
76
-974
15
30
1811
-21
3236
534
238
6
-473
21
-168
0
-197
-55
-209
3353
1576
-13327
-14085
3
96
-245
125
-89
105
-1084
3
-172
5
-140
1235
17
-244
195
-16
-782
0
56696
-720
-44
-428
30
-9261
-541
-14649
3023
-203
-781
1
-57
-960
-1149
-699
27
-9970
-39
-43
-11042
6770
-226
-694
-996
3564
-1131
0
340
76
14
888
-95
23
-953
-256
30
-356
869
-680
1269
-251
46
64
-856
-20
-7125
27
-181
-117
-89
0
-275
-45
249
574
-66
59
-573
1884
-919
-3364
-891
-1289
273
2277
-951
