0
0
0
0
0
-3
0
0
0
0
-115
-2
0
-57
402
0
-367
0
-9
80
0
0
0
0
0
0
0
198
0
-46
0
0
0
0
0
0
0
0
0
0
0
0
0
-21
0
0
0
-12
0
0
0
0
0
0
0
0
83
0
0
0
0
-8
-17
-42
-71
-632
0
0
0
62
0
0
0
0
0
0
0
147
0
1
1
0
-13
0
0
0
-32
-25
0
0
0
130
-86
0
0
0
0
0
345
0
0
0
0
0
4
0
0
0
257
0
140
0
0
0
0
0
0
1
0
0
0
30
0
-15
-146
70
10
0
0
0
0
0
0
0
131
0
-34
8
-82
0
0
0
0
0
245
4
0
-20
0
0
0
0
-12
0
0
-4
0
-11
-9
411
0
21
0
0
0
0
0
0
-20
0
-132
0
-6
17
0
0
0
3
-4
-93
-223
0
0
-5
-87
0
0
0
32
0
0
39
0
0
0
0
0
-51
20
0
0
1
0
0
0
113
0
7
0
-65
0
0
0
0
0
0
0
0
0
-107
35
0
0
-152
0
0
0
0
0
0
0
0
0
11
0
-23
0
0
0
-228
0
0
0
0
0
0
-43
10
0
0
0
-8
0
0
-854
26
0
0
0
0
-35
0
0
0
-70
0
0
0
0
0
0
-3
82
0
-38
0
0
0
0
0
71
0
0
0
0
0
-78
-8
0
0
0
-49
0
0
33
-10
0
-66
0
0
0
50
0
0
0
0
0
0
0
0
0
0
0
-673
0
-4
0
0
0
0
0
0
0
0
0
0
0
-53
0
0
0
0
0
-51
0
0
134
0
0
0
0
33
0
0
0
0
-403
0
0
0
0
0
0
730
0
0
0
125
0
0
0
-17
0
0
25
0
55
0
5
13
-35
0
0
0
0
0
0
0
-45
0
0
0
0
0
0
0
0
0
0
0
0
0
-62
-2
-31
0
-76
-5
0
0
0
0
-191
0
0
0
0
6
0
0
0
69
0
0
0
0
-25
0
43
0
0
152
0
-33
0
0
0
0
0
0
0
0
0
0
0
0
0
0
0
-39
3
49
0
181
0
0
3009
-3
-128
-4
0
0
0
0
0
-78
0
32
0
0
0
-10
-223
0
0
0
0
54
0
-4
0
0
0
-5
-60
0
0
0
0
-61
0
0
0
0
0
0
0
0
0
0
0
10
0
-78
62
0
0
0
0
-30
188
0
0
0
6
0
0
49
0
-20
0
0
-34
0
-143
22
-7
2
0
31
-94
0
57
0
0
0
0
0
-90
0
17
0
0
-1
-17
0
0
0
0
0
0
0
45
0
0
191
0
0
0
-13
-44
0
0
-10
0
0
0
-6
0
19
0
0
0
0
0
41
0
0
0
0
0
0
0
0
0
0
0
0
0
0
0
7
0
0
0
9
-128
0
0
171
35
0
0
0
0
0
0
0
0
0
0
-78
0
0
0
0
0
0
0
0
56
0
0
0
-31
97
0
-19
0
0
0
0
0
126
0
-21
20
0
0
0
0
0
0
0
0
148
0
67
10
0
0
-82
0
0
0
0
0
0
0
0
0
-36
-154
0
53
0
0
0
0
0
0
0
0
0
0
23
0
-14
40
0
0
0
2
0
0
0
-21
0
0
0
32
0
0
0
0
0
0
0
0
0
0
0
0
3
0
-42
0
0
-48
41
-4
0
0
0
93
0
0
0
0
0
0
13
35
-49
0
0
0
0
0
0
367
34
0
0
0
-11
0
0
0
0
-17
0
0
0
0
0
107
39
0
-4
0
0
10
0
0
17
0
0
0
0
0
0
0
0
0
0
0
0
54
104
0
0
0
0
-35
0
0
0
0
0
0
41
-38
0
0
0
36
0
31
0
0
65
0
109
0
0
0
0
15
0
0
155
0
0
11
0
0
26
-644
-42
0
0
6
0
0
0
354
-140
0
0
0
0
0
0
0
0
-23
44
61
0
0
0
0
48
0
0
0
0
0
25
0
0
-75
52
0
0
-45
-495
0
-26465
0
3
0
-29
0
51
0
0
0
0
0
0
0
0
0
0
-24
0
-20
0
0
0
0
-5
-13
0
14
59
0
0
-52
0
3
-31
0
0
0
0
0
0
0
0
0
0
0
0
-187
0
0
0
8
0
39
0
0
-68
36
0
0
0
0
6
0
-70
0
0
-36
0
0
7
0
0
0
0
0
0
0
0
0
0
0
0
0
-71
0
0
0
-12
5
0
0
-4
0
0
0
0
0
0
0
0
0
0
-35
0
0
0
23
0
0
69
0
34
0
-127
-11
0
0
0
24
0
-8
-31
0
0
0
0
0
-20
40
0
0
0
-5
-154
-135
0
0
0
0
0
0
0
0
-30
0
0
-11
0
23
0
0
0
0
0
4
0
0
0
-25
0
0
0
0
0
0
0
0
-22
0
0
-198
0
0
0
34
0
-7
18
0
11
0
0
0
-38
0
0
0
0
0
-1343
0
0
0
0
-1362
8
0
0
0
0
459
0
0
0
0
0
71
0
0
0
60
0
0
0
12
0
0
0
0
0
0
23
0
0
-85
137
0
0
34
0
-112
-84
-7
0
-116
0
0
0
0
0
0
0
0
-1756
0
0
0
8
0
0
34
0
0
0
0
0
0
0
0
0
0
0
0
0
0
6
0
5
0
0
0
0
20
0
0
0
0
142
0
0
0
0
0
0
14
0
0
0
0
34
0
-6803
0
-3
0
0
0
0
0
0
0
0
0
0
0
52
0
0
-87
0
0
0
22
0
88
0
0
0
0
-31
201
-124
0
0
10
-115
0
0
0
527
54
0
0
0
0
0
0
0
30
0
3
0
0
0
0
0
0
0
0
0
0
0
0
0
0
0
0
0
0
40
-18
0
-141
0
0
0
10
0
0
0
0
0
0
0
0
0
0
0
0
0
0
0
0
0
0
1
0
0
0
0
-4
5
-133
0
30
0
0
0
-257
0
0
0
195
0
0
71
-52
0
0
0
0
0
0
0
0
0
0
0
1
-99
0
0
-5
0
-180
0
0
0
0
0
0
0
0
0
0
0
0
3
0
0
0
0
0
0
655
0
0
0
0
0
0
0
-23
-14
66
-3
-13
0
-44
0
0
0
0
0
0
0
-1
0
0
0
0
0
126
-127
0
0
40
0
0
-53
0
-45
0
0
0
116
0
0
0
0
0
0
0
10
0
42
0
0
0
-23
0
0
-5
0
0
0
-52
0
-67
0
-25
-12
0
1
21
0
0
0
0
0
0
0
0
0
0
0
49
0
0
0
0
0
-28
0
0
0
0
-97
0
160
0
20
0
0
0
0
0
0
0
0
0
0
-49
0
0
0
0
0
0
0
19
0
0
0
0
-32
0
0
0
0
0
0
-5
0
11
0
-1
111
0
0
-3
0
-245
0
0
0
7
0
0
10
15
0
-61
5
0
0
132
33
0
0
0
0
0
-4
-34
-122
22
0
38
0
5
12
0
0
0
0
0
0
1078
0
0
0
-81
13
4
0
0
0
0
0
2
420
70
0
0
-66
0
0
0
0
0
0
0
0
0
0
0
-32
0
0
-98
0
-61
0
0
0
0
0
-402
0
0
-49
0
0
0
5
0
0
0
-4
0
0
0
0
0
51
-24
0
-2
40
0
0
0
21
0
16
0
-32
5
0
0
0
0
0
0
0
0
0
0
0
0
0
0
203
7
-25
0
0
-74
0
0
0
10
0
0
0
0
0
0
0
0
0
0
-61
0
14
0
-99
0
-25
24
0
0
0
0
0
0
0
30
0
0
0
77
24
0
0
0
0
0
0
-1
0
62
-44
0
0
0
0
0
0
0
0
0
0
0
0
0
44
0
0
-37
0
0
0
0
0
0
15
0
41
0
0
0
0
-66
0
0
0
0
0
0
14
0
0
0
-2
0
0
0
0
-203
0
0
228
0
0
0
0
0
35
0
-986
0
40
0
0
0
0
0
74
0
0
0
0
0
0
0
0
0
0
0
0
0
-77
0
0
0
0
-2
0
0
0
0
-1
-3
0
0
0
133
0
0
0
0
0
0
0
0
0
0
0
0
0
0
0
0
-83
12
0
0
0
-18
0
122
0
0
0
0
0
0
0
0
0
0
0
-88
0
0
0
0
0
0
0
0
0
0
0
0
0
0
67
0
0
0
0
0
-1
1
0
45
-20
0
0
0
0
10
0
0
0
0
0
0
0
0
0
0
0
0
0
0
69
0
0
0
0
0
0
0
0
0
0
0
936
0
0
0
0
0
0
0
0
0
0
0
0
390
0
0
0
0
-257
0
0
0
0
0
0
0
-48
23
0
0
0
-10
0
-35
83
-183
0
0
0
0
0
0
-25
0
-43
-100
14
0
-70
0
0
-36
7
0
0
0
0
0
0
0
0
0
0
142
0
0
-5
2
0
0
0
0
0
0
0
179
0
0
0
123
0
0
0
0
0
-107
0
0
58
0
0
-6
31
0
0
0
0
0
0
-32
0
0
0
0
0
36
0
0
0
0
73
0
0
0
0
32
0
0
0
0
0
0
5
-69
0
0
0
0
0
0
127
0
0
0
0
441
0
0
63
0
0
0
0
6
0
0
0
0
0
0
0
0
0
0
0
-26
-5
0
0
0
0
33
0
0
-7
0
0
27
0
70
0
0
0
0
3
0
144
0
0
0
0
-10
0
0
0
0
0
0
0
-2
0
0
0
-145
-1149
0
0
0
0
0
0
154
0
0
0
0
0
0
3
0
0
0
9
31
0
0
-34
0
10
0
0
0
0
0
159
0
5
0
0
0
-66
0
0
0
0
0
0
0
31
0
0
-9
0
0
0
0
-95
0
0
0
0
0
130
0
0
0
0
35
0
0
0
0
0
0
0
0
0
0
0
-4
-58
0
0
0
0
0
0
0
0
0
11
0
102
0
0
0
0
-6
0
-58
0
0
0
0
0
0
0
0
0
42
-55
0
0
25
0
0
0
-26
1
0
0
0
0
0
0
0
0
0
0
53
0
0
0
0
-5
54
0
-41
150
10
0
0
0
0
138
0
0
43
0
0
34
73
0
0
0
0
0
21
0
0
0
0
0
0
-43
0
0
0
38
0
0
0
0
0
0
0
0
0
100
0
0
0
-136
0
0
-49
0
0
0
0
0
0
0
-33
0
0
0
0
0
0
0
0
0
0
0
8
0
0
0
0
131
-33
0
0
0
0
-61
0
-8
0
0
0
0
0
0
0
-76
0
-54
0
41
0
0
0
-2
0
0
0
0
0
0
12
0
0
10
0
16
0
0
0
-3
-85
0
135
0
0
183
-10
24
0
0
21
0
-105
0
0
0
0
0
78
-2636
0
0
0
0
0
0
0
0
6
0
0
0
0
0
0
0
0
0
0
0
0
0
0
-34
-14
0
0
0
0
0
0
-44
25
0
0
45
0
-31
10
0
-152
0
-97
9
0
0
0
44
0
0
0
0
63
0
-44
0
0
123
0
-41
0
0
6
-5
0
0
67
0
0
53
25
0
0
0
0
0
0
0
0
0
0
32
0
0
23
0
0
0
0
-84
0
0
0
0
0
44
0
-7
0
0
0
-23
0
0
0
0
0
0
0
-137
0
-53
-76
0
0
0
0
0
0
0
0
0
0
0
-224
-71
34
0
-16
0
0
0
0
0
-59
0
0
0
0
0
0
-71
0
0
0
0
-54
0
0
0
0
0
0
0
0
0
-20
0
0
0
0
0
23
0
0
0
0
-135
78
0
0
0
0
0
0
0
0
0
0
0
0
0
49
-14
-3
1
0
-25
0
0
0
-160
0
0
-75
226
42
0
0
0
51
10
-34
-152
0
0
0
-7
0
-3
0
0
-268
147
51
0
0
10
0
0
0
44
30
18
0
0
0
0
7
0
0
0
47
0
0
0
28
0
0
0
-24
0
0
0
0
0
-107
-1
0
0
-138
-62
-148
-29
0
-433
0
58
0
-44
0
0
0
0
0
0
0
-49
79
0
0
0
0
0
0
35
0
10
0
-18
0
0
0
0
0
0
0
-44
0
-34
0
0
0
0
0
0
11
4
1
0
0
0
0
0
0
0
0
0
0
31
0
30
52
0
0
49
0
-134
0
0
0
0
0
9
0
0
0
0
0
0
-47
0
0
0
0
0
259
0
0
35
125
0
10
0
0
43
8
0
0
0
0
0
0
0
0
0
0
0
15
7
0
-59
0
0
0
-68
0
-1918
0
0
0
0
0
0
0
0
0
0
0
23
0
0
0
-23
0
0
0
0
-23
0
0
14
0
0
-573
0
0
0
0
0
0
0
0
0
0
0
0
0
0
20
0
0
0
30
20
0
0
0
0
0
0
0
29
0
0
0
0
0
0
0
0
0
0
0
0
0
0
0
0
64
24
0
0
0
0
-53
0
0
0
0
0
0
0
-51
0
0
48
0
0
0
0
0
-114
0
0
-9
49
0
0
0
0
0
0
0
0
0
-9
0
0
0
0
0
61
0
0
0
0
0
-9
0
0
0
-160
18
-109
0
0
0
0
0
2
0
0
0
9
0
0
0
8
-4
0
0
0
0
0
0
0
-218
0
0
107
0
-24
0
4
0
0
0
0
0
74
0
27
2
55
0
0
0
0
0
24
0
0
0
0
0
151
7
105
0
0
-17
0
75
0
0
0
0
0
0
0
0
0
0
0
1257
0
124
0
-4
223
0
71
0
0
0
0
0
0
0
0
0
0
0
0
-65
85
0
0
0
0
0
0
0
377
0
0
0
0
-40
0
0
0
0
0
12
33
0
0
0
0
-2
0
0
0
0
0
0
0
0
61
0
0
0
-78
12
0
0
-15
0
0
-29
0
0
0
-35
0
0
0
0
0
-43
0
0
0
0
0
0
-122
0
0
-93
0
0
0
0
-13
-297
0
0
0
0
0
0
0
0
-441
0
0
0
0
0
0
0
0
0
0
0
0
0
31
0
0
0
0
-53
0
0
19
62
0
0
0
0
0
6
0
0
0
-28
0
0
0
-6
0
0
0
36
0
0
33
62
0
0
25
18
0
0
0
0
0
0
-10
0
-12
0
0
-29
-20
-32
-132
0
0
0
0
-9
76
0
0
0
0
-12
0
0
0
0
-34
0
0
0
0
1196
7
-925
0
0
0
4
2980
-36
3
14
4
0
0
0
0
0
-62
0
0
0
0
0
0
0
0
0
0
15
0
0
0
0
0
0
0
0
0
0
0
0
0
0
0
0
-49
0
0
0
142
0
0
0
0
0
0
129
0
-10
-81
-1211
0
0
0
0
0
0
-14
0
0
0
0
0
0
0
174
0
0
0
107
0
0
0
0
0
0
0
0
0
-6
0
0
0
0
0
0
0
0
0
0
0
0
0
0
-8
4
0
0
0
-6946
0
0
1
-59
0
0
0
0
0
0
0
-9
0
0
0
0
-67
10
0
224
0
0
0
0
-11
0
0
-27
-40
0
0
0
0
0
0
0
0
0
0
0
0
5
0
0
-41
0
0
0
-664
0
0
-22
0
0
0
0
0
-54
0
0
0
-137
-345
0
0
0
127
18
-76
-5
0
-35
0
0
0
0
0
-216
0
0
0
-35
0
0
-35
0
0
0
0
0
0
0
-71
642
0
0
0
0
0
0
0
0
-3
0
-19
-52
0
0
0
-32
0
0
-397
0
0
0
0
35
32
0
123
0
0
0
0
0
0
0
0
0
-66
0
6
0
0
2
0
-67
-188
0
0
0
0
0
0
-50
0
-8
0
0
0
0
-431
0
0
0
-851
0
0
0
-201
-62
0
0
0
0
0
0
0
34
0
0
0
0
0
25
0
36
10
0
24
0
0
0
0
0
-3
136
0
44
115
0
-6
-16
26
-25
0
0
0
0
0
0
0
0
0
0
-87
0
0
0
0
58
0
0
5
0
0
0
5
0
0
0
-32
0
0
0
0
0
0
0
0
0
0
0
0
0
0
4
0
0
0
0
0
0
0
0
0
0
0
0
0
0
0
0
0
0
0
0
0
0
0
0
0
-151
0
0
0
3538
19
0
0
0
0
172
0
0
0
26
0
0
-4
0
0
-6
-483
0
-58
0
0
-5
0
-77
0
0
0
1408
0
-26
0
53
0
20
0
0
0
0
0
0
0
0
0
0
0
0
0
0
2
0
0
0
0
37
0
0
0
0
0
0
35
0
0
-1
0
0
0
-56
0
0
58
0
10
-63
0
0
0
0
70
0
-80
52
0
-17
0
0
0
0
0
0
0
0
0
0
0
25
0
35
-5
0
48
0
0
0
0
-26
0
0
0
0
1918
-49
0
0
0
0
0
-144
-6
0
0
0
0
0
0
0
0
0
0
0
0
0
0
0
0
0
62
0
4
0
-13
10849
-10
0
0
-21
0
0
0
-592
0
0
0
0
106
0
0
7126
62
0
18
0
0
0
0
-107
-68
2
0
0
0
0
0
241
0
0
0
0
0
0
29
0
0
0
0
20
0
0
0
1
0
0
0
0
0
3
0
0
-23
-32
0
0
0
0
0
88
-48
0
-127
-2
260
-131
-44
0
0
3
2
0
-5
98
0
0
-125
148
-5
0
0
34
-1
0
0
32
0
0
-33
0
-25
0
0
0
0
0
0
0
-24
0
0
0
0
0
-107
0
0
0
0
0
0
0
0
0
0
5
0
-63
-13
3
0
0
-36
0
0
0
0
-42
0
0
10
0
-24
4
0
0
0
0
0
0
0
-19
0
0
0
0
0
-23
0
0
-40
0
0
0
0
0
-10
0
0
0
0
0
0
0
0
0
0
-27
0
0
-35
0
0
0
0
0
0
0
0
-50
-15
0
0
0
-44
0
0
0
-130
-104
-43
0
0
0
0
0
0
0
0
128
0
0
0
0
0
-175
0
147
0
0
0
0
0
0
38
0
0
0
0
0
0
0
0
0
0
0
0
12
0
0
0
0
0
43
0
-4
0
0
0
0
0
0
0
0
0
0
0
-18
0
0
0
0
0
0
0
0
0
0
0
0
0
0
0
-4
0
0
0
0
101
0
0
0
0
0
48
0
-142
0
0
0
0
0
0
0
0
0
0
0
0
0
-21
0
0
0
0
35
0
0
0
0
0
0
-105
0
148
0
0
-72
0
0
0
0
0
0
0
25
27
0
-52
-12
5
0
0
0
0
0
0
0
480
0
0
-99
6
105
0
0
0
10
-1299
-1
0
0
0
0
9
0
0
-14
0
0
0
0
-1
95
70
-2
0
0
0
0
141
0
0
-86
0
0
6779
0
0
8
0
0
0
-134
0
0
0
0
0
0
0
0
0
0
0
-71
0
-155
0
65
5
0
0
0
0
-106
0
0
0
0
0
0
0
0
0
0
27
0
0
0
0
0
0
0
10
0
3550
0
0
127
0
0
0
0
0
0
0
0
0
5
0
-35
0
0
0
0
0
0
0
60
22
10
0
359
38
-49
0
99
0
0
-142
-15
15
0
0
0
0
0
-19
0
0
0
0
0
-32
0
0
0
-53
0
0
0
0
0
0
0
-5
-34
0
0
19
0
-8
0
0
0
0
68
0
0
0
0
238
0
0
0
0
0
-18
0
83
0
0
0
0
-67
-6
6
0
0
0
0
0
61
0
0
0
0
0
0
0
0
0
50
0
79
0
0
0
0
0
0
0
0
0
0
0
0
0
0
0
0
0
0
0
0
0
0
0
0
0
-5
0
0
0
0
38
0
-35
0
0
0
0
-12
0
0
0
-22
62
0
20
0
0
0
0
0
0
0
5
0
0
0
-6424
0
0
0
0
0
7
44
0
0
0
0
0
0
-10
-992
0
0
0
0
0
0
-82
338
0
70
42
0
9
0
0
0
-22
-26
9
-259
106
-11
0
4
0
0
32
0
0
0
0
80
31
0
0
-48
0
0
12
-51
0
0
40
132
0
29
-82
-129
0
0
0
1
0
0
0
0
-37
0
0
0
0
0
854
0
26
0
0
52
-34
0
103
0
0
5
0
0
0
0
0
0
0
0
0
0
0
0
0
0
0
0
0
0
59
0
0
-46
0
0
-72
0
0
0
0
11
0
12
0
12
0
1
-60
-138
56
0
0
0
77
0
0
0
0
-11
0
0
0
0
0
0
0
0
22
0
0
-26
0
0
0
0
0
0
0
0
0
-244
0
0
0
-28
0
0
0
0
0
-57
-113
0
53
0
0
0
0
0
1
6
0
0
-4
0
0
0
0
0
107
0
-47
0
0
16
-48
34
0
0
0
0
0
0
0
0
0
0
0
0
0
34
0
0
0
0
0
0
159
0
0
0
0
0
0
0
0
-7
0
0
0
-123
0
0
0
0
-91
-106
0
2
0
-176
0
0
0
0
0
0
-12
37
0
0
21
0
0
81
0
0
-15
0
0
0
0
0
0
0
-41
-21
0
0
-32
-57
0
0
0
0
0
0
-103
0
0
0
0
0
0
0
0
0
0
-1
0
0
-88
0
0
-8
0
0
733
0
0
0
0
0
0
0
0
0
0
0
0
0
0
0
0
0
0
0
0
71
34
0
0
0
0
0
0
0
0
-147
-26
-52
0
0
-3009
0
0
0
0
0
0
0
0
0
122
0
8
0
0
0
0
0
13
-52
0
-45
67
0
0
0
71
0
-134
134
0
412
0
0
0
0
0
-34
6
0
0
11
0
0
0
0
0
71
18
0
0
0
0
2
0
0
0
-98
-44
0
-25
85
0
132
0
0
0
0
0
4
0
-42
0
0
0
0
-3
0
0
0
0
0
0
0
0
0
100
0
0
0
6
20
0
0
4
0
0
0
0
0
0
0
0
-71
-30
0
-64
0
0
0
0
43
0
-1
0
0
33
0
20
-8
46
34
-147
26
10
35
78
0
-70
0
0
0
0
0
0
0
136
-71
0
-81
0
0
3408
0
0
-151
0
0
0
68
0
39
0
0
0
0
0
0
36
0
5
-69
0
0
0
0
0
0
0
0
0
0
-504
24
0
0
0
0
122
0
5
0
9
0
0
0
82
0
0
0
12
0
0
-14
0
0
0
95
0
0
0
0
-279
-58
0
0
0
0
-4
0
0
0
0
0
-91
-74
-19
-144
79
14
0
0
77
-7
26
-62
-420
0
0
0
0
0
0
0
0
0
0
0
0
0
0
4
0
0
-79
0
0
0
0
0
79
0
0
37
-1
0
0
17
0
851
75
0
0
0
18
0
0
3
0
0
155
0
-47
0
-31
0
-155
-6
0
0
0
0
0
-55
-80
0
0
0
0
0
-73
0
0
0
0
0
0
0
0
0
0
0
0
0
0
0
0
0
0
0
0
0
9
36
0
0
-35
0
169
0
0
33
0
0
0
0
0
0
0
0
0
-25
0
0
-155
0
-122
0
0
-54
0
2
0
0
24
-54
0
-45
8
0
29
0
-5
0
-72
-86
0
0
0
0
0
70
146
0
0
0
0
-15
0
0
0
0
0
5
0
0
1
0
0
0
0
0
0
0
0
0
0
86
0
0
0
49
0
0
0
0
0
-35
0
0
0
0
0
0
0
0
0
0
23
0
0
0
0
0
0
0
0
-1
0
-58
0
10
-2
0
0
11
-126
12
24
0
0
0
0
0
0
0
-46
0
0
0
0
-155
-8
0
127
0
-67
0
-130
0
0
0
0
-12
0
0
0
0
0
0
0
0
0
0
0
0
0
0
0
-2471
0
0
0
19
30
-3
0
7116
0
69
0
4
-76
0
0
0
0
0
0
0
0
0
5
0
0
0
0
93
0
0
0
0
0
-2
0
0
0
0
0
0
0
99
-11
0
-13
0
0
0
0
35
0
0
0
0
-18
0
0
0
5
0
0
0
0
0
-52
0
0
0
0
-105
0
0
0
-1
44
4
0
0
4
0
0
0
0
0
0
0
0
3
0
9
5
0
-18
0
17
41
0
0
0
-35
0
440
8
-35
0
0
0
0
0
122
0
0
9
0
0
0
0
0
-74
-22
0
0
0
-34
0
-33
0
0
0
122
0
0
0
0
0
0
0
68
0
49
0
25
0
0
0
0
0
0
0
0
-9
0
0
35
0
0
0
0
0
0
0
0
0
-23
0
314
0
0
0
0
-323
0
0
0
68
0
0
0
0
0
-1
0
4
-10
0
0
0
0
0
0
-127
0
0
9
0
-268
0
0
0
0
0
0
51
0
0
58
0
17
-36
0
0
0
0
0
0
0
0
0
0
0
0
152
0
0
10
10
0
0
0
0
-41
0
0
0
0
0
-123
0
0
0
0
0
0
-13
0
35
0
0
0
0
0
0
0
0
0
45
0
0
0
0
-38
0
0
0
0
0
0
48
0
0
130
0
0
0
4
0
0
0
0
0
0
0
0
0
0
0
0
0
0
0
0
0
0
0
0
0
0
30
105
-39
0
0
0
0
0
0
0
8
0
0
0
32
0
0
22
-130
0
-9
0
0
0
0
-62
-17
0
-4
0
0
0
134
0
0
0
0
52
0
-68
-24
0
20
0
0
0
0
0
0
0
0
0
0
0
0
0
0
0
0
0
40
0
0
-7
0
0
-4
0
93
-127
0
0
0
0
0
0
0
0
-12
0
0
0
0
0
-333
0
-132
0
6
0
0
0
-2189
0
0
0
-148
0
-76
0
0
0
0
0
0
0
0
0
0
3
0
0
0
0
22
0
0
0
0
0
0
0
0
0
0
97
0
0
-1
0
0
0
0
0
0
91
569
0
0
2
0
0
0
0
0
0
-3
0
0
0
81
-213
0
0
0
-7
0
0
0
0
-148
0
0
0
0
0
-25
0
0
0
0
130
0
0
0
71
0
0
-4
0
0
0
0
0
0
0
2
-11
0
-62
0
0
0
0
119
0
0
0
0
0
0
0
87
0
0
0
0
0
0
0
0
-26
-79
-35
0
-642
0
0
0
0
0
81
8
0
0
0
0
0
0
0
24
0
0
0
0
0
0
0
0
0
20
0
20
39
12
0
-300
62
0
0
0
216
0
-4
0
0
0
0
0
0
0
60
0
0
0
0
0
0
0
0
0
2314
0
0
0
-46
0
0
0
0
159
0
0
0
0
0
62
0
0
0
0
0
-131
0
-18
0
0
0
0
0
0
0
0
0
4762
0
0
0
14
0
0
0
0
0
0
0
0
0
-134
0
115
0
0
0
0
0
2
0
0
-44
0
0
0
87
0
0
0
0
67
0
-6
-207
34
0
0
0
0
397
0
-71
0
0
0
0
67
0
60
0
0
16
0
-5
0
0
-5
0
0
-468
66
0
-126
0
-159
0
173
0
0
0
0
0
33
0
0
-17
0
0
47
0
-24
-16
0
0
0
0
-15
138
0
-8
0
-8
0
88
-30
-4
0
0
-39
0
0
0
0
0
8470
0
0
297
52
-44
13
0
0
18
0
-4
0
0
-169
0
0
44
0
0
0
0
50
0
0
56
0
0
0
0
0
0
0
0
0
0
20
0
0
0
-24
0
0
0
0
0
0
0
0
-34
-155
143
0
0
61
71
0
0
0
0
0
0
0
0
0
0
0
0
0
0
0
25
85
0
0
0
-79
0
0
35
52
0
9
0
0
0
0
0
0
0
137
0
0
48
-733
0
0
0
0
-38
0
9
0
0
0
0
79
0
0
-6
0
0
21
0
0
0
0
0
-81
0
0
0
59
0
0
0
0
0
0
0
7
0
0
0
0
0
0
0
0
-19
0
114
0
0
0
0
0
25
0
0
0
0
0
-12768
108
2974
-2259
0
4704
6910
331
5261
0
216
0
-1745
-7626
-3251
-6811
1638
-2399
2782
0
0
-760
10051
8843
8983
-2099
8
-12892
-1595
-3234
10
550
1747
321
-1456
5856
108
-4314
4533
-115
-837
100
-1229
-1205
3081
-4294
115
-5158
9156
-437
-323
-1557
-22
-192
10
-1081
2336
-924
-408
-19
-280
11138
-4882
5125
30
3473
186
-106
-2470
-994
-430
-2
2752
-437
217
758
12014
-1016
2239
3872
590
8
10
28
-98
24
-837
-351
-228
-839
5
-2099
64
713
2131
-821
-7213
-475
671
20
-1150
70
-837
0
-701
451
-235
6138
4037
-6642
-5805
10
433
-1219
6377
-760
-165
-11536
10
-150
-86
-1358
-3251
115
-258
-1091
-33
-2069
0
14490
-974
-32
-1229
100
706
-579
-6641
3680
253
-943
8
-284
10051
-3351
-1742
-30
4125
-9
-3954
-6160
5191
-86
-5158
-1656
-4363
-2395
0
-1205
69
91
1524
3911
-5
-607
-417
100
-407
-2371
-671
983
-604
186
-1057
4482
118
7649
7
-144
-99
-760
0
-357
-80
506
-2450
-65
206
-1140
2766
-8373
-2930
1131
-1090
-2530
3632
-1524
