10
0
0
0
0
-10
0
536
0
111
-3
0
10
-8
424
0
127
0
55
0
0
2
29
0
0
0
0
-1
0
-4
0
20
10
10
0
0
10
0
0
20
0
10
0
10
0
0
4
10
76
0
0
0
20
0
0
638
90
0
10
12
0
27
-9
-29
10
16
0
0
0
57
1
20
0
0
10
0
0
38
0
-10
-21
0
10
11
16
0
0
10
0
0
0
9
-58
0
0
6
0
10
385
0
0
19
10
0
10
218
10
10
290
10
59
0
0
73
9
50
411
-10
0
10
10
30
0
-24
-118
80
40
0
10
0
0
10
10
10
150
10
-10
20
-79
0
18
0
0
0
-38
33
40
10
0
10
0
0
9
0
20
-10
0
66
60
466
0
-10
0
0
50
0
0
10
18
0
0
65
10
49
10
0
111
10
10
10
-176
0
10
21
0
50
0
0
25
0
0
42
6
0
0
10
4
17
62
0
0
10
20
0
0
30
20
-20
40
10
0
0
0
10
0
0
0
0
0
-70
29
0
0
-3
0
20
20
0
0
0
0
0
30
30
0
-20
20
0
0
-59
21
0
10
0
0
10
10
10
0
0
0
5
0
10
7
27
0
0
10
0
-11
0
10
0
-70
74
10
10
1
0
0
0
90
0
92
0
114
0
10
0
30
0
10
10
0
0
9
10
20
0
0
6
0
0
232
-6
0
7
0
80
0
50
0
0
0
10
0
0
0
0
10
0
10
-469
0
-10
0
0
40
0
40
0
10
10
10
20
60
-39
16
5
0
0
0
68
0
30
73
0
0
10
0
40
60
0
0
0
-409
20
0
10
10
0
21
716
0
10
0
24
0
0
8
10
20
20
30
0
61
0
-7
20
0
10
10
0
40
0
14
0
-30
0
219
20
10
0
0
10
0
0
0
10
24
0
9
16
30
10
0
-9
0
0
0
0
38
10
0
0
0
10
0
3
0
9
0
90
20
10
10
0
10
0
0
13
0
-30
30
0
0
0
0
10
10
10
0
22
0
13
0
38
1
10
120
140
0
94
0
1
302
-20
-74
-56
10
10
0
0
20
20
3
-10
0
0
40
10
-30
0
0
0
20
-48
10
40
10
10
0
11
158
0
0
20
20
0
10
0
5
12
0
0
10
10
80
10
0
10
0
10
69
0
0
0
10
-88
203
10
10
182
20
0
0
85
0
-9
0
30
39
1
-150
115
8
20
10
40
26
0
17
0
78
30
0
29
-20
0
30
10
0
38
57
0
8
0
0
10
0
0
30
40
0
39
0
0
0
8
-50
0
0
30
0
0
0
10
10
14
10
0
20
29
0
10
0
0
0
0
10
0
9
0
0
0
0
0
0
0
20
0
0
10
0
-20
50
18
0
260
8
0
0
0
0
0
0
20
0
10
0
75
0
110
50
0
0
0
0
0
70
0
10
10
140
59
0
10
0
0
0
30
0
40
5
10
20
10
0
0
26
0
0
20
10
170
8
80
10
30
10
130
0
0
0
3
18
109
10
5
3166
0
2
0
60
0
0
10
0
0
20
0
10
10
19
-28
0
-18
40
0
0
30
10
36
0
6
18
0
1
20
40
0
10
10
30
0
0
0
0
0
0
0
90
61
0
-50
0
9
1
-86
-57
0
33
20
167
0
10
0
0
10
0
20
11
-103
0
10
0
0
0
0
1
40
0
0
26
-5
0
20
20
0
57
10
356
0
10
0
55
50
45
10
10
0
10
0
0
-18
0
0
10
9
0
0
0
0
0
0
0
0
39
27
0
30
0
0
-10
0
0
10
1152
0
-1
116
10
0
0
65
50
0
-10
4
467
9
0
29
820
27
20
31
18
170
0
43
0
0
3
10
0
30
9
9
10
0
7
0
0
10
399
40
20
20
10
0
0
0
10
0
-30
10
19
40
10
7
10
1
10
0
0
161
0
20
2
0
20
60
0
0
35
8
0
7269
7
50
0
10
10
-18
10
0
0
0
0
0
60
0
0
12
30
0
-56
0
0
20
0
39
-49
55
4
4
20
20
-40
0
10
22
0
20
40
0
0
0
10
30
20
0
0
16
-156
0
0
0
-24
10
50
1
9
30
98
81
0
20
20
10
4
-70
50
0
-11
0
23
0
0
0
0
0
0
39
60
0
20
17
0
10
0
8
8
0
10
10
10
20
28
23
0
0
0
0
40
0
0
11
0
10
0
0
20
0
20
10
10
79
0
30
0
44
10
0
0
0
-10
0
-27
-49
10
0
0
0
48
-20
50
6
0
0
10
-159
5
30
0
0
0
0
10
10
10
-40
0
27
-20
0
128
0
0
10
0
0
9
0
0
0
-30
0
0
0
0
0
9
10
57
-26
0
4
60
0
20
0
40
10
5
5
0
49
0
0
0
-39
0
0
10
10
37
-942
20
10
0
9
0
20
0
10
0
0
394
0
10
0
0
0
11
10
30
10
-66
0
10
0
19
81
0
0
70
0
608
0
10
0
0
-13
0
0
10
0
-54
-40
29
0
-1
0
0
13
10
0
0
10
50
108
13
0
20
10
0
0
40
0
0
10
0
0
10
20
40
30
0
24
39
0
129
-9
0
10
0
-10
10
0
-1
0
1
0
0
160
20
29
0
0
0
0
-18
30
20
51
0
40
0
58
50
-9
0
10
20
0
10
0
0
10
0
0
400
19
0
0
10
20
20
10
60
0
-4
0
0
10
150
-60
180
-90
0
10
40
-118
0
0
0
398
152
0
0
0
0
0
0
10
-90
20
0
0
2
0
0
0
10
0
15
0
10
10
10
10
6
0
30
20
0
10
-5
0
20
0
0
0
10
0
0
0
0
0
0
126
0
0
11
0
0
0
0
0
10
30
0
138
1
19
0
0
-8
10
20
0
30
0
10
30
20
0
0
0
299
8
0
19
0
0
0
0
98
0
10
0
30
20
0
19
-8
30
0
0
-55
0
9
10
10
0
0
0
0
30
50
0
0
0
0
10
0
174
10
0
0
0
410
10
10
10
0
10
10
0
3
0
22
-10
0
10
-50
0
53
0
0
0
50
16
0
0
10
0
0
30
-39
40
0
0
78
0
10
16
0
-4
0
0
0
130
0
9
0
0
0
0
0
-1
0
50
20
0
0
-68
10
20
0
10
10
0
-60
92
10
0
-30
19
0
-10
0
11
20
0
0
10
10
0
0
-9
0
0
0
19
0
0
0
0
30
0
92
0
10
-59
0
160
0
20
0
0
10
10
0
138
0
15
0
58
-23
0
0
0
0
0
9
0
29
23
0
0
0
-10
10
0
40
0
335
0
4
0
20
0
10
91
10
0
60
0
160
11
14
10
10
0
0
10
20
9
11
10
10
21
-47
40
10
30
0
0
8
39
0
30
30
20
49
7
1
20
0
2
12
6
10
0
1230
0
20
10
-90
20
-30
0
0
10
13
0
38
552
80
9
0
-10
20
0
48
0
0
0
0
0
0
10
0
60
0
0
10
0
9
0
50
0
0
60
56
0
0
-20
51
0
0
20
0
2
0
0
0
1781
0
10
0
-7
0
0
10
45
40
55
20
30
0
18
0
7
-70
0
0
0
0
0
0
33
0
0
0
20
0
0
10
297
4
-20
0
0
68
0
0
0
10
24
10
0
34
2
19
0
0
20
0
0
40
20
32
13
0
0
60
0
0
0
10
0
2
30
-14
0
20
0
100
30
10
10
10
0
34
10
10
0
70
-40
10
30
0
863
10
9
21
0
0
6
10
0
0
50
18
0
11
0
0
0
0
0
5
20
10
43
20
1
24
0
8
30
0
20
10
0
0
20
10
0
45
0
0
0
0
0
551
0
0
149
40
0
75
0
0
40
10
130
0
22
0
0
20
13
0
221
10
0
0
20
0
44
0
30
0
0
0
0
0
-30
0
0
20
31
0
0
0
0
72
9
21
0
0
10
80
20
0
0
10
10
0
10
0
0
0
20
0
0
20
10
0
-85
1
20
18
10
-30
10
129
0
0
9
19
0
20
0
0
10
0
0
4
10
10
0
0
0
9
10
0
1
11
40
0
0
20
43
0
10
20
20
20
40
-7
10
1
40
40
0
23
0
10
0
0
0
20
33
0
10
0
0
10
0
0
12
10
116
8
0
10
0
20
30
0
0
0
20
12
808
0
0
0
0
295
70
0
78
20
10
10
0
192
0
60
79
0
-278
0
49
0
0
20
46
0
29
30
0
0
0
-30
0
-36
11
-170
23
0
0
12
0
0
-35
0
-40
-102
14
0
0
0
0
-10
51
0
0
0
0
0
20
0
20
30
0
19
0
0
0
10
0
0
1
0
0
0
17
200
30
0
10
136
34
0
0
0
27
-120
41
65
0
0
18
65
17
10
10
0
0
0
0
10
0
0
0
0
0
40
10
10
0
0
48
0
10
0
3
15
0
0
10
0
10
39
-29
-9
10
0
0
0
0
0
-33
0
0
0
20
189
0
10
80
19
20
8
0
-28
10
23
0
0
0
0
19
10
10
10
20
69
-10
0
0
0
0
50
10
0
-11
0
0
30
0
10
0
0
0
0
10
10
60
20
0
23
10
40
0
10
80
0
0
0
20
21
0
0
0
-117
0
0
97
10
0
0
0
-2
0
10
0
0
0
50
9
10
40
0
20
60
0
0
-10
0
-20
0
0
10
0
0
49
0
-1
10
10
0
10
30
0
10
0
10
0
7
18
0
69
-1
0
40
21
30
8
0
0
0
10
0
170
0
0
20
0
-30
17
0
10
0
11
0
0
20
10
0
0
7
-39
0
0
0
10
0
0
0
10
10
40
0
-29
0
0
0
0
-10
0
11
0
9
1
46
0
10
0
0
10
-50
-61
3
12
30
0
10
0
13
-15
0
0
10
0
1
0
0
0
0
20
54
10
0
0
10
39
-8
10
10
127
10
0
0
0
0
230
0
0
16
0
11
53
13
0
0
20
0
0
-10
10
10
0
0
0
7
10
0
0
6
0
0
3
0
10
0
11
0
0
29
102
0
0
0
71
0
0
7
50
0
9
0
10
23
1
0
58
0
0
0
0
0
10
0
30
0
0
1
0
0
51
0
19
-10
0
0
0
0
-239
0
30
0
0
0
0
10
0
0
9
5
-113
20
26
75
0
10
-18
0
179
9
0
0
0
10
0
0
10
0
17
0
18
0
10
38
0
160
503
2
210
-30
30
0
0
-18
30
9
0
10
0
0
20
19
88
0
6
0
0
0
0
0
0
-49
0
0
0
0
4
10
0
0
20
20
10
0
10
49
-30
20
10
10
0
0
10
0
-50
65
0
0
38
0
0
10
0
-147
21
-28
30
9
0
0
50
0
0
59
0
70
20
-50
10
39
21
0
-31
0
0
10
110
0
18
80
11
0
60
9
0
0
20
0
108
0
0
30
0
0
-10
40
0
20
0
0
0
0
0
0
20
0
10
0
50
10
0
0
0
0
0
10
20
0
0
0
0
64
49
10
-10
7
0
0
10
9
13
0
10
310
0
0
0
-26
0
11
0
-8
0
30
0
121
0
27
0
10
19
9
0
0
-10
10
36
0
0
10
30
10
0
10
0
18
0
0
0
-79
0
9
0
10
0
0
20
30
0
0
-136
13
20
0
19
19
0
0
0
10
0
0
32
0
0
21
31
-9
12
0
-10
0
10
0
-180
0
58
-60
296
10
0
0
19
59
10
-16
-160
0
0
20
-23
0
-10
22
0
13
169
70
0
0
9
0
20
0
4
30
20
10
0
0
10
-8
0
0
0
52
0
0
0
56
0
47
0
31
0
0
0
0
0
30
20
9
10
89
-70
37
19
0
-30
0
0
0
10
0
0
0
0
0
430
10
10
10
0
0
0
0
10
0
14
0
10
0
0
0
0
0
0
128
0
10
-40
0
-10
0
0
0
24
44
160
71
0
50
10
10
0
0
0
18
0
0
152
8
49
0
30
60
0
0
60
0
15
0
0
0
0
0
10
0
0
0
872
0
1
-23
0
0
39
0
0
97
10
0
-10
78
39
-10
89
16
50
10
10
10
0
4
20
0
0
20
0
0
133
10
10
46
11
0
0
46
1
49
-1
20
10
13
0
0
0
4
0
0
40
0
14
0
10
0
-10
0
0
0
3
16
20
0
18
10
20
-280
70
0
0
0
0
7
58
0
10
0
0
19
10
0
20
0
0
0
13
20
0
0
20
0
0
52
10
-9
10
0
0
0
70
0
40
0
0
88
0
0
0
50
0
1
69
119
20
10
70
0
-50
10
10
0
20
0
12
30
-43
0
0
49
73
0
0
0
0
-42
0
10
9
209
10
10
0
0
10
0
0
0
0
-20
67
10
0
0
0
-9
2
10
0
0
0
20
0
0
0
10
20
-9
0
0
50
7
10
10
0
0
9
9
0
0
0
-20
0
0
10
0
4
0
0
0
-203
0
0
120
0
-1
0
10
10
0
0
0
0
22
0
97
10
70
10
0
10
0
0
30
0
20
46
0
40
19
8
130
0
0
-20
0
100
1
0
0
0
20
0
360
0
0
0
0
8
0
121
0
-45
30
20
0
20
20
4
10
0
0
0
22
3
0
0
0
-61
150
0
0
10
0
0
10
10
185
0
20
0
0
-45
0
10
0
0
20
61
-38
0
0
0
0
59
0
0
39
32
0
10
0
0
69
31
0
0
-29
61
0
11
0
40
10
3
30
20
7
0
31
160
2
4
0
-50
0
0
0
10
0
0
117
85
0
0
0
0
0
0
-30
11
0
10
10
0
26
19
0
0
-26
0
0
0
0
10
0
0
19
0
19
0
10
0
70
0
0
0
51
10
0
10
-47
70
0
0
90
0
0
10
0
11
103
-36
20
10
0
0
0
20
0
-24
10
40
9
109
0
10
-10
60
0
0
0
30
0
0
0
0
-10
0
0
10
-69
29
-20
0
10
0
0
-9
3
0
12
62
0
20
5
0
9
0
-20
8
35
0
10
6025
10
-145
0
0
30
10
1013
-79
-60
-31
10
0
20
0
20
40
-10
20
0
0
35
0
0
30
0
0
10
279
0
0
19
0
0
14
0
0
0
2
10
0
0
0
10
0
10
0
10
0
-19
10
0
10
0
10
0
4
0
30
-178
134
10
0
0
0
0
0
38
0
0
50
0
0
10
0
228
0
0
0
69
0
0
0
0
0
41
0
106
0
10
0
0
0
10
0
0
0
20
9
0
0
10
20
290
-19
3
0
0
0
96
51
10
49
10
20
0
0
0
30
0
0
0
30
0
0
20
6
10
0
36
0
10
1
0
0
0
0
10
-20
0
0
10
0
0
14
0
21
10
0
0
0
9
0
11
-26
0
0
0
-425
0
30
-84
43
10
0
0
10
-79
0
0
10
69
-165
49
0
10
1195
67
17
-2
0
30
0
20
0
0
0
-81
2
50
10
-16
0
10
131
0
0
0
0
10
0
0
-40
619
32
0
10
10
0
31
10
0
10
0
-21
-20
0
0
10
0
10
0
-168
7
0
30
0
38
40
0
20
0
0
0
10
0
21
10
28
0
-68
50
30
0
6
-39
0
-47
-70
10
0
6
10
10
0
-9
0
-10
0
20
0
0
1
0
10
80
6
10
0
0
29
-40
0
0
0
6
0
5
30
40
0
0
0
0
0
29
0
18
-10
0
93
0
0
0
21
10
0
59
0
50
129
10
-7
10
22
-23
0
10
0
20
0
0
10
0
0
0
-31
10
0
0
10
-70
0
0
10
0
10
0
-9
39
0
0
9
10
0
0
0
0
10
0
23
0
10
0
0
0
10
0
10
0
10
0
0
0
0
0
0
2
20
20
10
3
0
0
40
0
2
0
0
10
0
0
0
-148
0
0
0
-135
91
0
0
0
0
287
0
20
0
-13
0
0
-10
11
2
20
-224
-9
0
30
30
9
0
0
22
10
0
803
11
-30
0
31
0
-8
10
0
0
0
0
19
0
10
10
0
0
0
0
0
35
0
0
55
18
50
46
0
0
10
783
9
40
0
0
-15
0
10
7
229
21
0
10
30
30
-51
0
0
12
0
70
1
20
10
0
-40
0
43
0
0
0
0
0
0
0
0
40
18
10
0
2
20
0
0
10
20
0
-12
20
0
26
5
136
-27
0
0
0
0
0
-60
-20
0
0
0
50
0
0
10
0
0
0
10
10
10
0
0
0
0
90
0
10
0
-7
7813
10
10
0
30
2
10
0
18
30
0
48
0
59
10
0
4
70
1
116
0
19
10
0
-69
-60
90
20
0
10
0
10
22
83
70
10
0
0
0
-10
0
0
25
0
20
0
0
30
10
19
10
0
30
0
2
0
33
48
4
0
0
10
0
0
90
10
30
-99
10
270
-110
0
0
0
-10
10
0
-14
1
0
0
10
9
10
9
0
40
20
10
0
50
0
0
30
61
0
0
0
0
50
9
0
0
10
0
0
0
245
10
-21
0
0
0
0
0
0
78
8
0
10
0
0
-70
0
10
0
0
20
0
0
20
0
-50
5
0
10
0
2
-30
0
0
20
0
0
4
0
39
0
0
10
20
0
10
70
0
-28
10
0
14
0
0
21
10
10
0
0
0
0
0
0
0
0
0
4
20
-20
10
5
0
0
0
20
40
0
81
20
0
0
10
-30
0
10
0
50
12
-41
38
0
202
0
19
9
13
0
3
0
20
11
45
0
237
0
210
0
10
20
0
0
30
174
12
10
0
0
21
30
10
39
9
10
0
30
10
0
0
0
20
0
-10
0
-10
14
0
0
0
7
20
0
0
0
10
105
-27
0
0
98
0
15
0
0
0
0
0
0
0
10
10
0
-3
10
0
0
189
71
0
30
7
0
0
233
10
78
10
68
20
0
0
0
0
0
10
3
24
0
160
-18
0
0
30
30
40
0
1
10
0
0
1
4
0
4
0
0
-59
0
0
0
0
0
0
10
93
20
1
-52
9
-10
45
0
0
0
0
5
11
404
0
0
-27
109
20
0
37
0
10
4
10
0
10
0
10
0
20
12
22
0
35
0
0
30
120
54
10
20
0
0
0
-10
0
10
20
129
20
3130
0
0
19
0
90
20
-48
0
4
10
0
10
30
20
20
24
0
19
10
0
-10
10
8
20
0
50
30
0
-12
20
0
42
0
0
0
46
10
0
0
30
8
0
0
0
20
10
0
10
0
10615
0
20
-68
0
0
10
0
0
0
0
10
10
-20
0
-8
0
0
10
0
-2
714
0
-9
21
10
10
428
70
-94
0
-30
0
0
-70
2
10
0
0
0
0
0
117
10
10
20
10
30
0
0
340
20
-20
0
0
10
10
0
0
0
17
9
0
10
40
10
9
10
0
0
0
80
0
10
0
19
260
0
20
0
21
0
7
0
95
19
1
40
3
14
10
10
0
10
13
0
0
20
50
0
0
0
0
0
55
0
0
50
0
80
0
0
0
9
10
0
0
0
0
0
0
0
0
0
0
0
0
0
20
0
34
0
27
0
19
19
0
0
36
0
16
0
-30
0
0
1
0
-11
0
0
0
-1
20
0
20
0
10
0
10
0
8
0
6
0
10
0
129
0
0
0
0
10
-19
115
0
0
10
0
10
0
-18
339
64
0
0
0
435
0
38
425
33
-9
49
0
51
0
20
0
-39
8
32
-49
118
30
0
-13
0
0
9
10
10
20
10
-89
11
20
10
30
137
9
-8
22
45
0
-60
40
0
0
-90
81
0
0
0
10
28
0
0
0
-60
0
0
0
0
0
84
10
4
0
0
40
-10
0
22
0
0
10
21
10
20
0
61
0
0
214
0
0
0
20
10
0
20
10
0
0
-11
0
0
20
20
0
-38
0
0
20
0
35
10
20
0
50
0
0
-26
-83
-59
0
80
0
15
10
10
0
0
8
-89
10
0
20
0
0
41
18
30
0
0
14
9
0
0
0
7
10
0
10
0
9
10
0
10
-72
0
0
0
0
0
-28
29
0
2
21
90
18
40
0
1
-10
0
10
30
0
58
0
0
0
30
10
-16
0
0
40
9
40
10
41
10
10
0
21
15
0
0
0
20
103
30
-10
40
0
0
0
0
50
66
0
47
0
0
0
0
0
20
39
10
20
21
19
0
0
117
0
-2
10
0
49
0
-1
10
0
0
453
32
0
30
100
0
34
38
0
20
22
0
0
-10
0
0
0
0
0
0
10
19
-30
10
30
10
-7
0
0
47
74
10
60
5
0
0
0
10
0
0
0
3
34
10
-10
8
0
-38
10
10
10
0
49
558
10
0
0
50
0
30
0
0
0
0
10
8
0
10
0
0
0
0
30
0
80
-39
0
0
0
20
0
10
0
0
-149
-4
10
0
12
73
0
50
0
20
0
0
0
0
0
19
0
50
0
0
29
0
6
52
-10
0
10
32
10
20
0
20
30
-42
11
28
165
0
0
0
0
0
-40
0
15
10
-20
0
0
60
0
20
58
30
143
6
2
10
10
0
10
10
-1
0
0
10
59
20
150
0
0
10
10
11
-7
10
17
0
0
10
0
-2
0
0
0
30
0
0
10
20
10
100
0
0
9
21
141
20
12
-10
0
0
0
10
18
233
0
0
-19
19
0
-40
19
0
10
0
50
0
28
0
0
10
0
20
39
50
40
26
30
10
20
11
0
9
0
0
10
0
10
0
0
-9
0
0
-19
80
0
-87
0
0
-9
70
0
10
-10
0
135
0
19
47
1
20
382
11
8
68
-88
20
0
0
0
0
0
0
190
10
0
16
40
0
55
0
29
1
0
0
219
72
0
23
0
32
4
8
10
78
0
0
-4
39
0
0
-8
0
0
9
10
-319
-19
0
0
0
19
-17
39
0
10
0
0
19
-53
-118
-150
1
0
39
9
80
0
11
-70
40
0
2
0
38
10
0
19
0
0
0
0
10
10
10
10
0
10
-10
0
0
0
0
0
20
42
10
29
10
0
0
-10
10
1014
100
10
0
0
20
9
0
50
0
0
1117
0
-70
0
20
0
-6
49
0
0
299
13
0
-30
99
0
0
0
0
30
2
0
0
0
10
649
0
10
10
0
10
92
10
10
30
3
10
30
10
0
0
0
10
10
0
7
-16
0
186
0
1
70
0
0
0
17
0
29
1
0
0
0
0
0
-128
8
40
0
0
8
0
10
0
30
120
40
0
-60
-10
11
27
10
-10
20
2
7
0
0
0
0
0
80
138
0
0
0
0
-89
0
0
0
0
0
41
0
0
18
30
0
0
0
10
0
0
474
0
0
58
0
0
0
3
0
0
0
239
0
-9
10
0
40
0
0
20
0
20
0
20
27
0
0
41
0
0
24
0
0
9
0
0
0
10
1
0
20
-7
89
-19
11
0
0
1
0
0
0
0
-40
11
0
10
10
39
20
0
-38
0
-70
5
-134
0
10
0
0
9
0
10
0
0
0
0
34
20
10
0
0
300
0
16
10
912
0
30
10
-107
30
10
0
7399
0
44
0
10
-90
61
0
0
0
10
0
0
17
0
0
0
0
0
10
2
20
0
0
29
39
60
0
0
0
0
0
0
10
38
-49
0
-26
30
10
29
0
135
10
0
0
0
-16
0
0
40
10
19
0
10
0
30
-40
10
0
0
0
-90
0
0
0
0
59
-9
20
0
-10
0
0
0
20
48
0
0
0
9
0
-28
18
0
45
0
10
50
50
9
0
-10
0
336
19
6
17
10
10
176
0
150
10
0
29
0
10
0
0
10
-32
7
7
20
31
6
0
35
0
0
0
10
20
0
10
0
0
10
20
80
0
50
2
0
0
20
0
0
0
0
0
0
-11
0
0
40
0
0
0
0
10
50
9
10
21
1
0
153
20
12
0
13
-316
0
0
0
28
0
13
0
0
0
10
10
120
20
0
0
0
0
0
26
38
0
10
10
20
7
0
36
0
20
0
10
-13
0
0
39
0
76
34
8
10
10
106
10
0
19
0
10
10
0
0
170
0
0
10
0
10
0
10
0
126
21
10
10
0
9
22
0
0
0
24
0
10
-10
14
16
50
0
0
0
0
0
0
0
0
70
3
0
0
10
10
70
0
0
108
191
0
0
0
0
130
10
0
30
-10
0
0
10
0
0
0
11
0
10
10
11
0
0
0
0
0
0
116
20
30
0
0
40
-4
-191
0
0
0
0
0
0
0
50
0
53
0
-9
0
0
59
-170
19
-20
0
50
0
50
-26
10
0
20
0
10
0
58
53
0
0
0
10
0
-40
10
0
25
0
0
0
0
0
0
0
10
11
10
0
40
29
9
20
0
0
12
20
0
-30
20
0
10
0
-12
124
0
0
20
0
20
20
0
0
18
614
0
0
29
0
-4
0
20
10
10
0
0
0
440
0
10
0
50
0
9
10
0
0
69
0
0
0
0
10
0
118
0
0
90
19
-7
219
9
0
0
0
0
0
0
396
0
315
0
0
-10
0
0
10
0
9
0
25
295
60
20
-11
397
10
0
20
0
18
10
0
100
0
188
-172
0
10
0
9
38
0
1
0
-1
0
10
9
85
36
29
20
0
10
9
150
0
0
0
41
0
0
1
2
0
20
0
0
0
0
-50
9
0
-20
1
0
0
0
-7
0
0
0
0
0
10
66
10
10
29
0
20
6
0
0
0
0
-10
10
11
-539
10
0
0
10
0
90
10
0
0
10
0
60
0
10
30
0
0
1
30
0
0
40
15
10
20
0
20
-70
185
0
-303
70
0
0
10
81
0
10
0
0
21
0
0
0
10
56
0
10
0
20
10
0
0
1
0
-69
8
0
0
-52
30
10
0
0
11
94
0
10
10
0
11
0
0
0
9
14
22
10
0
1
10
11
20
0
0
0
21
0
8726
17
10
0
0
4551
10
0
20
0
0
0
10
0
42
10
39
0
0
0
0
0
10
0
19
-59
0
40
51
91
50
0
10
0
80
10
-10
-182
200
0
39
20
0
188
0
-10
0
0
10
0
21
80
51
0
0
139
0
-10
0
10
-1
0
0
-343
219
29
-10
0
-32
6
200
0
10
0
0
10
40
10
0
10
10
195
61
0
20
-40
0
0
0
10
10
-13
10
1
10
0
0
38
-49
10
20
0
-30
0
0
10
10
20
558
0
0
109
60
-105
10
0
10
20
0
1
60
0
-76
0
0
50
0
17
30
0
19
40
10
70
20
0
0
0
20
10
0
0
0
10
99
0
0
10
-89
0
0
20
0
0
50
10
12
-20
70
169
20
0
339
5
0
0
0
22
21
80
0
0
10
0
16
282
10
0
0
40
40
10
0
50
0
0
0
9
-6
20
91
0
0
30
0
0
0
10
56
0
0
19
0
10
126
90
9
-54
4
10
0
60
0
86
20
0
10
15
0
10
0
0
0
0
8
0
-20
0
0
0
133
0
0
0
10
20
10
0
60
10
11
0
20
0
39
0
0
-39
-50
69
0
0
0
0
0
30
0
10
0
40
10
26883
110
21111
22548
0
16141
65247
370
8973
0
230
0
1609
400
9850
7086
8421
13285
3964
0
0
10
14835
-2488
-1545
30
10
-1684
71
357
20
1151
2086
350
398
9267
110
1640
2691
60
10
100
20
10097
8203
90
140
38108
10628
4210
267
22
1118
167
20
-53
2810
41
1402
0
0
2564
-348
6390
30
4793
0
0
-7442
10
1150
20
6197
4210
240
-4005
6418
70
3479
5263
1005
10
20
30
428
30
10
50
416
138
1730
30
70
1139
-2534
319
-4053
8047
1564
20
11
70
10
0
30
1494
10
3261
5078
-3967
7366
10
1715
2328
8125
10
2496
-3695
10
228
452
-60
9850
140
115
1505
0
60
0
-14785
60
30
-67
100
-609
1
-8292
-5427
149
20
10
29
14835
70
20
289
-5059
50
4403
1177
-8469
630
38108
277
-8916
209
0
10097
488
110
3250
1032
0
1253
12
100
11
1563
30
5407
20
200
207
6370
0
3984
667
12
70
10
0
10
40
1142
2217
79
210
10
-887
24291
748
2317
337
1018
385
0
